	Sporothrix_euskadiensis_S_VPRI43754_GCA_019925375	Sporothrix_pseudoabietina_S_VPRI43531_GCA_019925295	Sporothrix_variecibatus_S_CBS121961_GCA_021396255	Sporothrix_protearum_S_CBS116654_GCA_016097115	Sporothrix_humicola_S_CBS118129_GCA_021396245	Sporothrix_pallida_S_CBS13156_GCA_021396235	Sporothrix_mexicana_S_CBS120341_GCA_021396375	Sporothrix_brasiliensis_S_5110_GCA_000820605	Sporothrix_schenckii_S_1099_GCA_000961545	Sporothrix_globosa_S_CBS120340_GCA_001630435	Sporothrix_luriei_S_CBS93772_GCA_021398005	Sporothrix_phasma_S_CBS119721_GCA_011037845	Sporothrix_dimorphospora_S_CBS55374_GCA_021397985	Sporothrix_inflata_S_CBS23968_GCA_021396225	Sporothrix_bragantina_S_CBS47491_GCA_XXXXXXXXX	Sporothrix_curviconia_S_CBS95973_GCA_XXXXXXXXX	Sporothrix_thermara_S_CBS139747_GCA_XXXXXXXXX	Sporothrix_epigloea_S_CBS57363_GCA_943900835	Sporothrix_epigloea_S_TF4163_GCA_944036445	Sporothrix_epigloea_S_CBS119000_GCA_943908295	Sporothrix_eucalyptigena_S_CBS139899_GCA_XXXXXXXXX	Sporothrix_eucalyptigena_S_CBS140593_GCA_XXXXXXXXX	Sporothrix_nigrograna_S_VPRI43755_GCA_019925305	Ophiostoma_novoulmi_S_H327_GCA_000317715	Ophiostoma_ips_S_VPRI43529_GCA_019925475	Sporothrix_brunneoviolacea_S_CBS124561_GCA_021396205	Ophiostoma_fasciatum_S_VPRI43845_GCA_019925495	Sporothrix_insectorum_S_RCEF264_GCA_001636815	Leptographium_lundbergii_S_CBS138716_GCA_001455505	Tremella_yokohamensis_S_CBS18117_GCA_963924285	Annulohypoxylon_annulatum_S_CBS149473_GCA_963924275
M00001_1	1	1	1	1	1	1	1	1	1	1	1	1	1	1	1	1	1	1	1	1	1	1	1	1	1	1	1	1	1	1	1
M00002_1	1	1	1	1	1	1	1	1	1	1	1	1	1	1	1	1	1	1	1	1	1	1	1	1	1	1	1	1	1	1	1
M00003_1	1	1	1	1	1	1	1	1	1	1	1	1	1	1	1	1	1	1	1	1	1	1	1	1	1	1	1	1	1	1	1
M00307_1	1	1	1	0	1	1	1	1	0	0	1	0	1	1	1	0	1	0	0	0	1	1	0	0	0	0	1	0	0	1	1
M00009_1	0.75	0.75	0.75	0.75	0.875	0.75	0.75	0.75	0.75	0.75	0.75	0.75	0.75	0.75	0.75	0.75	0.75	0.75	0.625	0.75	0.75	0.75	0.75	0.875	0.75	0.75	0.75	0.75	0.75	0.875	0.875
M00010_1	0.666666666666667	0.666666666666667	0.666666666666667	0.666666666666667	0.666666666666667	0.666666666666667	0.666666666666667	0.666666666666667	0.666666666666667	0.666666666666667	0.666666666666667	0.666666666666667	0.666666666666667	0.666666666666667	0.666666666666667	0.666666666666667	0.666666666666667	0.666666666666667	0.666666666666667	0.666666666666667	0.666666666666667	0.666666666666667	0.666666666666667	0.666666666666667	0.666666666666667	0.666666666666667	0.666666666666667	0.666666666666667	0.666666666666667	0.666666666666667	0.666666666666667
M00011_1	0.8	0.8	0.8	0.8	1	0.8	0.8	0.8	0.8	0.8	0.8	0.8	0.8	0.8	0.8	0.8	0.8	0.8	0.6	0.8	0.8	0.8	0.8	1	0.8	0.8	0.8	0.8	0.8	1	1
M00004_1	1	1	1	1	1	1	1	1	1	1	1	1	1	1	1	1	1	1	1	1	1	1	1	1	1	1	1	1	1	1	1
M00006_1	1	1	1	1	1	1	1	1	1	1	1	1	1	1	1	1	1	1	1	1	1	1	1	1	1	1	1	1	1	1	1
M00007_1	1	1	1	1	1	1	1	1	1	1	1	1	1	1	1	1	1	1	1	1	1	1	1	1	1	1	1	1	1	1	1
M00580_1	0.5	0.5	0.5	0.5	0.5	0.5	0.5	0.5	0.5	0.5	0.5	0.5	0.5	0.5	0.5	0.5	0.5	0.5	0.5	0.5	0.5	0.5	0.5	0.5	0.5	0.5	0.5	0.5	0.5	0.5	0.5
M00005_1	1	1	1	1	1	1	1	1	1	1	1	1	1	1	1	1	1	1	1	1	1	1	1	1	1	1	1	1	1	1	1
M00008_1	0.5	0.5	0.5	0.5	0.5	0.5	0.5	0.5	0.5	0.5	0.5	0.5	0.5	0.5	0.5	0.5	0.5	0.5	0.5	0.5	0.5	0.5	0.5	0.5	0.5	0.5	0.5	0.5	0.5	0.5	0.5
M00308_1	0.25	0.25	0.25	0.25	0.25	0.25	0.25	0.25	0.25	0.25	0.25	0.25	0.25	0.25	0.25	0.25	0.25	0.25	0.25	0.25	0.25	0.25	0.25	0.25	0.25	0.25	0.25	0.25	0.25	0.25	0.25
M00014_1	0.428571428571429	0.428571428571429	0.428571428571429	0.428571428571429	0.428571428571429	0.428571428571429	0.428571428571429	0.428571428571429	0.428571428571429	0.428571428571429	0.428571428571429	0.428571428571429	0.428571428571429	0.428571428571429	0.428571428571429	0.428571428571429	0.428571428571429	0.428571428571429	0.428571428571429	0.428571428571429	0.428571428571429	0.428571428571429	0.428571428571429	0.428571428571429	0.428571428571429	0.428571428571429	0.428571428571429	0.428571428571429	0.428571428571429	0.428571428571429	0.428571428571429
M00630_1	0.75	0.75	0.75	0.75	0.75	0.75	0.75	0.75	0.75	0.75	0.75	0.75	0.75	0.75	0.75	0.75	0.75	0.75	0.5	0.75	0.75	0.75	0.75	0.75	0.75	1	0.75	0.75	1	0.75	0.75
M00081_1	0.333333333333333	0.333333333333333	0.333333333333333	0.333333333333333	0.333333333333333	0.333333333333333	0.333333333333333	0.333333333333333	0.333333333333333	0.333333333333333	0.333333333333333	0.333333333333333	0.333333333333333	0.333333333333333	0.333333333333333	0.333333333333333	0.333333333333333	0	0	0	0.333333333333333	0.333333333333333	0.333333333333333	0.333333333333333	0	0.333333333333333	0.333333333333333	0	0.333333333333333	0	0.333333333333333
M00632_1	0.75	0.75	0.75	0.75	0.75	0.75	0.75	0.75	0.75	0.75	0.75	0.75	0.75	0.75	0.75	0.75	0.75	0.75	0.75	0.75	0.75	0.75	0.75	0.75	0.75	0.75	0.75	0.75	0.5	0.5	0.75
M00552_1	0.6	0.6	0.6	0.6	0.6	0.6	0.6	0.6	0.6	0.6	0.6	0.6	0.6	0.6	0.6	0.6	0.6	0.4	0.4	0.4	0.6	0.6	0.6	0.6	0.6	0.6	0.4	0.6	0.6	0.4	0.6
M00129_1	0.428571428571429	0.428571428571429	0.571428571428571	0.428571428571429	0.571428571428571	0.571428571428571	0.571428571428571	0.428571428571429	0.428571428571429	0.428571428571429	0.428571428571429	0.428571428571429	0.571428571428571	0.571428571428571	0.571428571428571	0.571428571428571	0.428571428571429	0.285714285714286	0.285714285714286	0.285714285714286	0.571428571428571	0.571428571428571	0.428571428571429	0.428571428571429	0.428571428571429	0.428571428571429	0.285714285714286	0.428571428571429	0.428571428571429	0.571428571428571	0.428571428571429
M00114_1	0.375	0.375	0.375	0.375	0.375	0.375	0.375	0.375	0.375	0.375	0.375	0.375	0.375	0.375	0.375	0.375	0.375	0.375	0.375	0.375	0.375	0.375	0.375	0.375	0.375	0.375	0.375	0.375	0.25	0.375	0.375
M00854_1	1	1	1	1	1	1	1	1	1	1	1	1	1	1	1	1	1	1	1	1	1	1	1	1	1	1	1	1	1	1	1
M00855_1	1	1	1	1	1	1	1	1	1	1	1	1	1	1	1	1	1	1	1	1	1	1	1	1	1	1	1	1	1	1	1
M00565_1	0.166666666666667	0.166666666666667	0.166666666666667	0.166666666666667	0.166666666666667	0.166666666666667	0.166666666666667	0.166666666666667	0.166666666666667	0.166666666666667	0.166666666666667	0.166666666666667	0.166666666666667	0.166666666666667	0.166666666666667	0.166666666666667	0.166666666666667	0.166666666666667	0.166666666666667	0.166666666666667	0.166666666666667	0.166666666666667	0.166666666666667	0.166666666666667	0.166666666666667	0.166666666666667	0.166666666666667	0.166666666666667	0.166666666666667	0.166666666666667	0.166666666666667
M00549_1	1	1	1	1	1	1	1	1	1	1	1	1	1	1	1	1	1	1	1	1	1	1	1	1	1	1	1	1	1	1	1
M00554_1	0.5	0.5	0.5	0.5	0.5	0.5	0.5	0.5	0.5	0.5	0.5	0.5	0.5	0.5	0.5	0.5	0.5	0.5	0.5	0.5	0.5	0.5	0.5	0.5	0.5	0.5	0.5	0.5	0	0	0.5
M00892_1	1	1	1	0.833333333333333	1	1	1	1	1	1	1	1	1	1	1	1	1	1	1	1	1	1	1	1	1	1	1	1	1	1	1
M00909_1	0.4	0.4	0.4	0.4	0.4	0.4	0.4	0.4	0.4	0.4	0.4	0.4	0.4	0.4	0.4	0.4	0.4	0.4	0.4	0.4	0.4	0.4	0.4	0.4	0.4	0.4	0.4	0.4	0.4	0.4	0.4
M00012_1	0.8	0.8	0.8	0.8	0.8	0.8	0.8	0.8	0.8	0.8	0.8	0.8	0.8	0.8	0.8	0.8	0.8	0.8	0.8	0.8	0.8	0.8	0.8	0.8	0.8	0.8	0.8	0.8	0.8	0.8	0.8
M00373_1	0.111111111111111	0.111111111111111	0.111111111111111	0.111111111111111	0.111111111111111	0.111111111111111	0.111111111111111	0.111111111111111	0.111111111111111	0.111111111111111	0.111111111111111	0.111111111111111	0.111111111111111	0.111111111111111	0.111111111111111	0.111111111111111	0.111111111111111	0.111111111111111	0.111111111111111	0.111111111111111	0.111111111111111	0.111111111111111	0.111111111111111	0.111111111111111	0.111111111111111	0.111111111111111	0.111111111111111	0.111111111111111	0.111111111111111	0.111111111111111	0.111111111111111
M00740_1	0.181818181818182	0.181818181818182	0.181818181818182	0.181818181818182	0.181818181818182	0.181818181818182	0.181818181818182	0.181818181818182	0.181818181818182	0.181818181818182	0.181818181818182	0.181818181818182	0.181818181818182	0.181818181818182	0.181818181818182	0.181818181818182	0.181818181818182	0.181818181818182	0.181818181818182	0.181818181818182	0.181818181818182	0.181818181818182	0.181818181818182	0.181818181818182	0.181818181818182	0.181818181818182	0.181818181818182	0.181818181818182	0.181818181818182	0.181818181818182	0.181818181818182
M00532_1	0.444444444444444	0.555555555555556	0.444444444444444	0.444444444444444	0.555555555555556	0.555555555555556	0.555555555555556	0.444444444444444	0.444444444444444	0.444444444444444	0.444444444444444	0.444444444444444	0.444444444444444	0.444444444444444	0.555555555555556	0.444444444444444	0.444444444444444	0.444444444444444	0.444444444444444	0.444444444444444	0.444444444444444	0.444444444444444	0.444444444444444	0.555555555555556	0.444444444444444	0.555555555555556	0.444444444444444	0.333333333333333	0.444444444444444	0.333333333333333	0.444444444444444
M00532_2	1	1	1	1	1	1	1	1	1	1	1	1	1	1	1	1	1	1	0	1	1	1	1	1	1	1	1	1	1	1	1
M00013_1	0.8	0.8	0.8	0.6	0.8	0.8	0.8	0.8	0.8	0.8	0.6	0.8	0.8	0.8	0.8	0.8	0.8	0.8	0.8	0.8	0.8	0.8	0.6	0.8	0.6	0.8	0.6	0.8	0.6	0.8	0.6
M00130_1	0.5	0.5	0.5	0.5	0.5	0.5	0.5	0.5	0.5	0.5	0.5	0.5	0.5	0.5	0.5	0.5	0.5	0.5	0.5	0.5	0.5	0.5	0.5	0.5	0.5	0.5	0.5	0.5	0.5	0.5	0.5
M00131_1	0.25	0.25	0.25	0.25	0.25	0.25	0.25	0.25	0.25	0.25	0.25	0.25	0.25	0.25	0.25	0.25	0.25	0.25	0.25	0.25	0.25	0.25	0.25	0.25	0.25	0.25	0.25	0.25	0.25	0.25	0.25
M00132_1	0	0	0	0	0	0	0	0	0	0	0	0	0	0	0	0	0.333333333333333	0	0	0	0	0	0	0	0	0	0	0	0	0.333333333333333	0
M00165_1	0.818181818181818	0.818181818181818	0.818181818181818	0.818181818181818	0.818181818181818	0.818181818181818	0.818181818181818	0.818181818181818	0.818181818181818	0.818181818181818	0.818181818181818	0.818181818181818	0.818181818181818	0.818181818181818	0.818181818181818	0.818181818181818	0.818181818181818	0.818181818181818	0.818181818181818	0.818181818181818	0.818181818181818	0.818181818181818	0.818181818181818	0.818181818181818	0.818181818181818	0.818181818181818	0.818181818181818	0.818181818181818	0.818181818181818	0.727272727272727	0.818181818181818
M00168_1	0.5	0.5	0.5	0.5	0.5	0.5	0.5	0.5	0.5	0.5	0.5	0.5	0.5	0.5	0.5	0.5	0.5	0.5	0.5	0.5	0.5	0.5	0.5	0.5	0.5	0.5	0.5	0.5	0.5	0.5	0.5
M00169_1	0.5	0.5	0.5	0.5	0.5	0.5	0.5	0.5	0.5	0.5	0.5	0.5	0.5	0.5	0.5	0.5	0.5	0.5	0.5	0.5	0.5	0.5	0.5	0.5	0.5	0.5	0.5	0.5	0.5	0.5	0.5
M00172_1	0.25	0.25	0.25	0.25	0.25	0.25	0.25	0.25	0.25	0.25	0.25	0.25	0.25	0.25	0.25	0.25	0.25	0.25	0.25	0.25	0.25	0.25	0.25	0.25	0.25	0.25	0.25	0.25	0.25	0.25	0.25
M00171_1	0.571428571428571	0.571428571428571	0.571428571428571	0.428571428571429	0.571428571428571	0.571428571428571	0.571428571428571	0.571428571428571	0.571428571428571	0.571428571428571	0.571428571428571	0.571428571428571	0.571428571428571	0.571428571428571	0.571428571428571	0.571428571428571	0.571428571428571	0.571428571428571	0.571428571428571	0.571428571428571	0.571428571428571	0.571428571428571	0.571428571428571	0.571428571428571	0.571428571428571	0.571428571428571	0.571428571428571	0.571428571428571	0.571428571428571	0.428571428571429	0.571428571428571
M00170_1	0.75	0.75	0.75	0.5	0.75	0.75	0.75	0.75	0.75	0.75	0.75	0.75	0.75	0.75	0.75	0.75	0.75	0.75	0.75	0.75	0.75	0.75	0.75	0.75	0.75	0.75	0.75	0.75	0.75	0.5	0.75
M00173_1	0.4	0.4	0.4	0.4	0.4	0.4	0.4	0.4	0.4	0.4	0.4	0.4	0.4	0.4	0.4	0.4	0.4	0.4	0.4	0.4	0.4	0.4	0.4	0.4	0.4	0.4	0.4	0.4	0.4	0.4	0.4
M00376_1	0.111111111111111	0.111111111111111	0.111111111111111	0.111111111111111	0.111111111111111	0.111111111111111	0.111111111111111	0.111111111111111	0.111111111111111	0.111111111111111	0.111111111111111	0.111111111111111	0.111111111111111	0.111111111111111	0.111111111111111	0.111111111111111	0.111111111111111	0.111111111111111	0.111111111111111	0.111111111111111	0.111111111111111	0.111111111111111	0.111111111111111	0.111111111111111	0.111111111111111	0.111111111111111	0.111111111111111	0.111111111111111	0.111111111111111	0.111111111111111	0.111111111111111
M00375_1	0.0714285714285714	0.0714285714285714	0.0714285714285714	0.0714285714285714	0.0714285714285714	0.0714285714285714	0.0714285714285714	0.0714285714285714	0.0714285714285714	0.0714285714285714	0.0714285714285714	0.0714285714285714	0.0714285714285714	0.0714285714285714	0.0714285714285714	0.0714285714285714	0.0714285714285714	0.0714285714285714	0.0714285714285714	0.0714285714285714	0.0714285714285714	0.0714285714285714	0.0714285714285714	0.0714285714285714	0.0714285714285714	0.0714285714285714	0.0714285714285714	0.0714285714285714	0.0714285714285714	0.0714285714285714	0.0714285714285714
M00374_1	0.153846153846154	0.153846153846154	0.153846153846154	0.153846153846154	0.153846153846154	0.153846153846154	0.230769230769231	0.153846153846154	0.153846153846154	0.153846153846154	0.230769230769231	0.153846153846154	0.153846153846154	0.153846153846154	0.230769230769231	0.153846153846154	0.153846153846154	0.153846153846154	0.153846153846154	0.153846153846154	0.153846153846154	0.153846153846154	0.153846153846154	0.153846153846154	0.153846153846154	0.153846153846154	0.153846153846154	0.153846153846154	0.153846153846154	0.153846153846154	0.153846153846154
M00377_1	0.142857142857143	0.142857142857143	0.142857142857143	0.142857142857143	0.142857142857143	0.142857142857143	0.142857142857143	0.142857142857143	0.142857142857143	0.142857142857143	0.142857142857143	0.142857142857143	0.142857142857143	0.142857142857143	0.142857142857143	0.142857142857143	0.142857142857143	0.142857142857143	0.142857142857143	0.142857142857143	0.142857142857143	0.142857142857143	0.142857142857143	0.142857142857143	0.142857142857143	0.142857142857143	0.142857142857143	0.142857142857143	0.142857142857143	0.142857142857143	0.142857142857143
M00579_1	0.5	0.5	0.5	0.5	0.5	0.5	0.5	0.5	0.5	0.5	0.5	0.5	0.5	0.5	0.5	0.5	0.5	0.5	0.5	0.5	0.5	0.5	0.5	0.5	0.5	0.5	0.5	0.5	0.5	0.5	0.5
M00357_1	0.2	0.2	0.2	0.2	0.2	0.2	0.2	0.2	0.2	0.2	0.2	0.2	0.2	0.2	0.2	0.2	0.2	0.2	0.2	0.2	0.2	0.2	0.2	0.2	0.2	0.2	0.2	0.2	0.2	0.2	0.2
M00346_1	0.333333333333333	0.333333333333333	0.333333333333333	0.333333333333333	0.333333333333333	0.333333333333333	0.333333333333333	0.333333333333333	0.333333333333333	0.333333333333333	0.333333333333333	0.333333333333333	0.333333333333333	0.333333333333333	0.333333333333333	0.333333333333333	0.333333333333333	0.333333333333333	0.333333333333333	0.333333333333333	0.333333333333333	0.333333333333333	0.333333333333333	0.333333333333333	0.333333333333333	0.333333333333333	0.333333333333333	0.333333333333333	0.333333333333333	0.222222222222222	0.333333333333333
M00345_1	0.666666666666667	0.666666666666667	0.666666666666667	0.666666666666667	0.666666666666667	0.666666666666667	0.666666666666667	0.666666666666667	0.666666666666667	0.666666666666667	0.666666666666667	0.666666666666667	0.666666666666667	0.666666666666667	0.666666666666667	0.666666666666667	0.666666666666667	0.666666666666667	0.666666666666667	0.666666666666667	0.666666666666667	0.666666666666667	0.666666666666667	0.666666666666667	0.666666666666667	0.666666666666667	0.666666666666667	0.666666666666667	0.666666666666667	0.666666666666667	0.666666666666667
M00344_1	1	1	1	0.75	0.75	0.75	1	0.75	0.75	1	0.75	0.75	1	1	1	1	1	0.75	0.75	0.75	1	1	0.75	1	1	1	0.75	0.75	0.75	1	1
M00531_1	0	0	1	0	1	1	1	0.5	0.5	1	0	0	0.5	1	1	0.5	0.5	0	0	0	1	0.5	1	0	0	0	0	1	1	0	1
M00176_1	1	1	1	1	1	1	1	1	1	1	1	1	1	1	1	1	1	0.5	1	1	1	1	0.5	1	1	1	0.5	1	1	0	1
M00596_1	0.25	0.25	0.25	0.25	0.25	0.25	0.25	0.25	0.25	0.25	0.25	0.25	0.25	0.25	0.25	0.25	0.25	0	0.25	0.25	0.25	0.25	0.25	0.25	0.25	0.25	0.25	0.25	0.25	0.25	0.25
M00143_1	1	1	1	0	1	1	1	1	1	1	1	1	1	1	1	1	1	1	1	1	1	1	1	1	1	1	1	0	1	1	1
M00148_1	0	0	0	0	1	0	0	0	0	0	0	0	0	0	0	0	0	0	0	0	0	0	0	1	0	0	0	0	0	1	1
M00082_1	1	1	1	1	1	1	1	1	1	1	1	1	1	1	1	1	1	1	1	1	1	1	1	1	1	1	1	1	1	1	1
M00083_1	1	1	1	1	1	1	1	1	1	1	1	1	1	1	1	1	1	1	1	1	1	1	1	1	1	1	1	1	1	1	1
M00873_1	0.5	0.5	0.5	0.5	0.666666666666667	0.666666666666667	0.666666666666667	0.5	0.5	0.5	0.5	0.5	0.5	0.666666666666667	0.666666666666667	0.666666666666667	0.5	0.5	0.5	0.666666666666667	0.5	0.5	0.666666666666667	0.666666666666667	0.666666666666667	0.5	0.5	0.333333333333333	0.666666666666667	0	0.5
M00874_1	0.666666666666667	0.666666666666667	0.666666666666667	0.666666666666667	0.833333333333333	0.833333333333333	0.833333333333333	0.666666666666667	0.666666666666667	0.666666666666667	0.666666666666667	0.666666666666667	0.666666666666667	0.833333333333333	0.833333333333333	0.833333333333333	0.666666666666667	0.666666666666667	0.666666666666667	0.833333333333333	0.666666666666667	0.666666666666667	0.833333333333333	0.833333333333333	0.833333333333333	0.666666666666667	0.666666666666667	0.666666666666667	0.833333333333333	0.333333333333333	0.833333333333333
M00085_1	0.333333333333333	0.333333333333333	0.333333333333333	0.333333333333333	0.333333333333333	0.333333333333333	0.333333333333333	0.333333333333333	0.333333333333333	0.333333333333333	0.333333333333333	0.333333333333333	0.333333333333333	0.333333333333333	0.333333333333333	0.333333333333333	0.333333333333333	0.333333333333333	0.333333333333333	0.333333333333333	0.333333333333333	0.333333333333333	0.333333333333333	0.333333333333333	0.333333333333333	0.333333333333333	0.333333333333333	0.333333333333333	0.333333333333333	0	0.333333333333333
M00415_1	0.5	0.5	0.5	0.5	0.5	0.5	0.5	0.5	0.5	0.5	0.5	0.5	0.5	0.5	0.5	0.5	0.5	0.5	0.5	0.5	0.5	0.5	0.5	0.5	0.5	0.5	0.5	0.5	0.5	0.25	0.5
M00086_1	1	1	1	1	1	1	1	1	1	1	1	1	1	1	1	1	1	1	1	1	1	1	1	1	1	1	1	1	1	1	1
M00087_1	0.666666666666667	0.666666666666667	0.666666666666667	0.666666666666667	0.666666666666667	0.666666666666667	0.666666666666667	0.666666666666667	0.666666666666667	0.666666666666667	0.666666666666667	0.666666666666667	0.666666666666667	0.666666666666667	0.666666666666667	0.666666666666667	0.666666666666667	0.666666666666667	0.666666666666667	0.666666666666667	0.666666666666667	0.666666666666667	0.666666666666667	0.666666666666667	0.666666666666667	0.666666666666667	0.666666666666667	0.666666666666667	0.666666666666667	1	0.666666666666667
M00861_1	0.333333333333333	0.333333333333333	0.333333333333333	0.333333333333333	0.333333333333333	0.333333333333333	0.333333333333333	0.333333333333333	0.333333333333333	0.333333333333333	0.333333333333333	0.333333333333333	0.333333333333333	0.333333333333333	0.333333333333333	0.666666666666667	0.333333333333333	0.333333333333333	0.333333333333333	0.333333333333333	0.333333333333333	0.333333333333333	0.333333333333333	0.666666666666667	0.333333333333333	0.333333333333333	0.333333333333333	0.333333333333333	0.333333333333333	0.666666666666667	0.333333333333333
M00101_1	0.75	0.75	0.75	0.75	0.75	0.75	0.75	0.75	0.75	0.75	0.75	0.75	0.75	0.75	0.75	0.75	0.75	0.75	0.75	0.75	0.75	0.75	0.75	0.75	0.75	0.75	0.75	0.75	0.75	0.5	0.75
M00102_1	0.923076923076923	0.923076923076923	0.923076923076923	0.923076923076923	0.923076923076923	0.923076923076923	0.923076923076923	0.923076923076923	0.923076923076923	0.923076923076923	0.923076923076923	0.923076923076923	0.923076923076923	0.923076923076923	0.923076923076923	0.923076923076923	0.923076923076923	0.923076923076923	0.923076923076923	0.923076923076923	0.923076923076923	0.923076923076923	0.923076923076923	0.923076923076923	0.923076923076923	0.923076923076923	0.923076923076923	0.923076923076923	0.846153846153846	0.846153846153846	0.923076923076923
M00917_1	0.333333333333333	0.333333333333333	0.333333333333333	0.333333333333333	0.333333333333333	0.333333333333333	0.333333333333333	0.333333333333333	0.333333333333333	0.333333333333333	0.333333333333333	0.333333333333333	0.333333333333333	0.333333333333333	0.333333333333333	0.333333333333333	0.333333333333333	0.333333333333333	0.333333333333333	0.333333333333333	0.333333333333333	0.333333333333333	0.333333333333333	0.333333333333333	0.333333333333333	0.333333333333333	0.333333333333333	0.333333333333333	0.222222222222222	0.111111111111111	0.333333333333333
M00917_2	0.5	0.5	0.5	0.5	0.5	0.5	0.5	0.5	0.5	0.5	0.5	0.5	0.5	0.5	0.5	0.5	0.5	0.5	0.5	0.5	0.5	0.5	0.5	0.5	0.5	0.5	0.5	0.5	0.5	0.25	0.5
M00104_1	0.0833333333333333	0.0833333333333333	0.0833333333333333	0.0833333333333333	0.0833333333333333	0.0833333333333333	0.0833333333333333	0.0833333333333333	0.0833333333333333	0.0833333333333333	0.0833333333333333	0.0833333333333333	0.0833333333333333	0.0833333333333333	0.0833333333333333	0.0833333333333333	0.0833333333333333	0	0	0	0.0833333333333333	0.0833333333333333	0.0833333333333333	0.0833333333333333	0.0833333333333333	0.0833333333333333	0.0833333333333333	0	0.0833333333333333	0	0.166666666666667
M00862_1	0	0	0	0	0	0	0	0	0	0	0	0	0	0	0	0	0	0	0	0	0	0	0	0	0	0	0	0	0	0	0.333333333333333
M00976_1	0.25	0.25	0.25	0.25	0.25	0.25	0.25	0.25	0.25	0.25	0.25	0.25	0.25	0.25	0.25	0.25	0.25	0.25	0.25	0.25	0.25	0.25	0.25	0.25	0	0.25	0.25	0.25	0	0	0
M00088_1	1	1	1	1	1	1	1	1	1	1	1	1	1	1	1	1	1	1	1	1	1	1	1	1	1	1	1	1	1	1	1
M00088_2	0	0	0	0	0	0	0	0	0	0	0	0	0	0	0	0	0	0	0	0	0	0	0	0	0	0	0	0	0	0	1
M00089_1	1	1	1	0.75	1	1	1	1	1	1	1	1	1	1	1	1	1	1	1	1	1	1	1	1	1	1	1	1	1	0.75	1
M00098_1	0.5	0.5	0.5	0.5	0.5	0.5	0.5	0.5	0.5	0.5	0.5	0.5	0.5	0.5	1	0.5	1	0.5	0.5	0.5	0.5	0.5	0.5	1	0.5	0.5	1	0.5	0.5	0.5	0.5
M00090_1	0.666666666666667	0.666666666666667	0.666666666666667	0.666666666666667	0.666666666666667	0.666666666666667	0.666666666666667	0.666666666666667	0.666666666666667	0.666666666666667	0.666666666666667	0.666666666666667	0.666666666666667	0.666666666666667	0.666666666666667	0.666666666666667	0.666666666666667	0.666666666666667	0.666666666666667	0.666666666666667	0.666666666666667	0.666666666666667	0.666666666666667	0.666666666666667	0.666666666666667	0.666666666666667	0.666666666666667	0.666666666666667	0.666666666666667	0.666666666666667	0.666666666666667
M00091_1	1	1	1	1	1	1	1	1	1	1	1	1	1	1	1	1	1	1	1	1	1	1	1	1	1	1	1	1	1	1	1
M00092_1	0.666666666666667	1	0.666666666666667	0.666666666666667	0.666666666666667	0.666666666666667	0.666666666666667	0.666666666666667	0.666666666666667	0.666666666666667	0.666666666666667	0.666666666666667	0.666666666666667	1	1	0.666666666666667	0.666666666666667	1	1	1	1	1	0.666666666666667	1	0.666666666666667	1	1	0.666666666666667	1	0.333333333333333	1
M00093_1	1	1	1	1	1	1	1	1	1	1	1	1	1	1	1	1	1	1	1	1	1	1	1	1	1	1	1	1	1	1	1
M00094_1	1	1	1	1	1	1	1	1	1	1	1	1	1	1	1	1	1	1	1	1	1	1	1	1	1	1	1	1	0.75	1	1
M00066_1	0.5	0.5	0.5	0.5	0.5	0.5	0.5	0.5	0.5	0.5	0.5	0.5	0.5	0.5	0.5	0.5	0.5	0.5	0.5	0.5	0.5	0.5	0.5	0.5	0.5	0.5	0.5	0	0.5	0.5	0.5
M00099_1	1	1	1	1	1	1	1	1	1	1	1	1	1	1	1	1	1	1	1	1	1	1	1	1	1	1	1	1	0.8	0.8	1
M00100_1	1	1	1	1	1	1	1	1	1	1	1	1	1	1	1	1	1	1	1	1	1	1	1	1	1	1	1	1	1	0.5	1
M00113_1	0.125	0.125	0.125	0.125	0.125	0.125	0.125	0.125	0.125	0.125	0.125	0.125	0.125	0.125	0.125	0.25	0.125	0.125	0.125	0.125	0.125	0.125	0.125	0.25	0.125	0.125	0.125	0.125	0.125	0.25	0.125
M00048_1	1	1	1	1	1	1	1	1	1	1	0.875	1	1	1	1	1	1	1	1	1	1	1	1	1	1	1	1	0.875	1	1	1
M00049_1	1	1	1	1	1	1	1	1	1	1	1	1	1	1	1	1	1	1	1	1	1	1	1	1	1	1	1	1	1	1	1
M00050_1	1	1	1	1	1	1	1	1	1	1	1	1	1	1	1	1	1	1	1	1	1	1	1	1	1	1	1	1	1	1	1
M00053_1	1	1	1	1	1	1	1	1	1	1	1	1	1	1	1	1	1	1	1	1	1	1	1	1	1	1	1	1	1	1	1
M00958_1	0.333333333333333	0.333333333333333	0.333333333333333	0.333333333333333	0.333333333333333	0.333333333333333	0.333333333333333	0.333333333333333	0.333333333333333	0.333333333333333	0.333333333333333	0.333333333333333	0.333333333333333	0.333333333333333	0.333333333333333	0.333333333333333	0.333333333333333	0.333333333333333	0.333333333333333	0.333333333333333	0.333333333333333	0.333333333333333	0.333333333333333	0.333333333333333	0.333333333333333	0.333333333333333	0.333333333333333	0.333333333333333	0.333333333333333	0	0.666666666666667
M00959_1	0.5	0.5	0.25	0.5	0.5	0.5	0.5	0.25	0.25	0.5	0.25	0.25	0.5	0.5	0.5	0.5	0.25	0.25	0.25	0.25	0.5	0.5	0.5	0.5	0.5	0.5	0.5	0.5	0.5	0.25	0.75
M00546_1	0.6	0.6	0.6	0.6	0.6	0.6	0.6	0.6	0.6	0.6	0.6	0.6	0.6	0.6	0.6	0.6	0.6	0.6	0.6	0.6	0.6	0.6	0.6	0.6	0.6	0.6	0.6	0.6	0.6	0.6	0.8
M00051_1	0.333333333333333	0.333333333333333	0.333333333333333	0.333333333333333	0.333333333333333	0.333333333333333	0.333333333333333	0.333333333333333	0.333333333333333	0.333333333333333	0.333333333333333	0.333333333333333	0.333333333333333	0.333333333333333	0.333333333333333	0.333333333333333	0.666666666666667	0.333333333333333	0.333333333333333	0.333333333333333	0.666666666666667	0.666666666666667	0.333333333333333	0.333333333333333	0.333333333333333	0.333333333333333	0.666666666666667	0.333333333333333	0.333333333333333	0.333333333333333	0.666666666666667
M00052_1	1	1	1	1	1	1	1	1	1	1	1	1	1	1	1	1	1	1	1	1	1	1	1	1	1	1	1	1	1	1	1
M00938_1	0.8	0.8	0.8	0.8	0.8	0.8	0.8	0.8	0.8	0.8	0.8	0.8	0.8	0.8	0.8	0.8	0.8	0.8	0.8	0.8	0.8	0.8	0.8	0.8	0.8	0.6	0.6	0.8	0.4	0.8	0.8
M00046_1	0.333333333333333	0.333333333333333	0.333333333333333	0.333333333333333	0.333333333333333	0.333333333333333	0.333333333333333	0.333333333333333	0.333333333333333	0.333333333333333	0.333333333333333	0.333333333333333	0.333333333333333	0.333333333333333	0.333333333333333	0.333333333333333	0.333333333333333	0.333333333333333	0.333333333333333	0.333333333333333	0.333333333333333	0.333333333333333	0.333333333333333	0.333333333333333	0.333333333333333	0.333333333333333	0.333333333333333	0.333333333333333	0.333333333333333	0.333333333333333	0.333333333333333
M00939_1	0.2	0.2	0.2	0.2	0.2	0.2	0.2	0.2	0.2	0.2	0.2	0.2	0.2	0.2	0.2	0.2	0.2	0.2	0.2	0.2	0.2	0.2	0.2	0.2	0.2	0.2	0.2	0.2	0.2	0	0.2
M00020_1	1	1	1	0.666666666666667	0.666666666666667	0.666666666666667	0.666666666666667	0.666666666666667	0.666666666666667	0.666666666666667	0.666666666666667	0.666666666666667	0.666666666666667	0.666666666666667	1	0.666666666666667	0.666666666666667	1	1	1	1	1	0.666666666666667	1	1	1	1	1	1	0.666666666666667	1
M00018_1	0.8	0.8	0.8	0.8	0.8	0.8	0.8	0.8	0.8	0.8	0.8	0.8	0.8	0.8	0.8	0.8	0.8	0.8	0.8	0.8	0.8	0.8	0.8	0.8	0.8	0.8	0.8	0.6	0.8	0.8	0.8
M00621_1	1	1	1	1	1	1	1	1	1	1	1	1	1	1	1	1	1	1	0.666666666666667	1	1	1	1	1	1	1	1	1	1	1	1
M00974_1	0	0	0.333333333333333	0	0.333333333333333	0.333333333333333	0.333333333333333	0	0	0.333333333333333	0	0	0	0.333333333333333	0.333333333333333	0	0	0	0.333333333333333	0.333333333333333	0.333333333333333	0	0	0.333333333333333	0.333333333333333	0.333333333333333	0	0.333333333333333	0.333333333333333	0.333333333333333	0.333333333333333
M00975_1	0.5	0.5	0.5	0.5	0.5	0.5	0.5	0.5	0.5	0.5	0.5	0.5	0.5	0.5	0.5	0.5	0.5	0.5	0.5	0.5	0.5	0.5	0.5	0.5	0.5	0.5	0.5	0.5	0.5	0.5	0.5
M00033_1	0.4	0.4	0.4	0.4	0.4	0.4	0.4	0.4	0.4	0.4	0.4	0.4	0.4	0.4	0.4	0.4	0.4	0.4	0.4	0.4	0.4	0.4	0.4	0.4	0.4	0.4	0.4	0.2	0.4	0.4	0.4
M00021_1	0.5	0.5	0.5	0.5	0.5	0.5	0.5	0.5	0.5	0.5	0.5	0.5	0.5	0.5	0.5	0.5	0.5	0.5	0.5	0.5	0.5	0.5	0.5	1	0.5	0.5	0.5	0.5	0.5	0.5	0.5
M00338_1	1	1	1	0.5	1	0.5	1	1	1	1	1	1	1	1	1	1	1	1	1	1	1	1	1	1	1	1	1	1	0.5	0	1
M00609_1	0.166666666666667	0.166666666666667	0.166666666666667	0.166666666666667	0.166666666666667	0.166666666666667	0.166666666666667	0.166666666666667	0.166666666666667	0.166666666666667	0.166666666666667	0.166666666666667	0.166666666666667	0.166666666666667	0.166666666666667	0.166666666666667	0.166666666666667	0.166666666666667	0.166666666666667	0.166666666666667	0.166666666666667	0.166666666666667	0.166666666666667	0.166666666666667	0.166666666666667	0.166666666666667	0.166666666666667	0.166666666666667	0.166666666666667	0.166666666666667	0.166666666666667
M00017_1	0.714285714285714	0.714285714285714	0.714285714285714	0.714285714285714	0.714285714285714	0.714285714285714	0.714285714285714	0.714285714285714	0.714285714285714	0.714285714285714	0.714285714285714	0.714285714285714	0.714285714285714	0.714285714285714	0.714285714285714	0.714285714285714	0.714285714285714	0.714285714285714	0.714285714285714	0.714285714285714	0.714285714285714	0.714285714285714	0.714285714285714	0.714285714285714	0.714285714285714	0.714285714285714	0.714285714285714	0.571428571428571	0.714285714285714	0.714285714285714	0.714285714285714
M00034_1	1	1	1	0.875	1	1	1	1	1	1	1	0.875	1	1	1	1	1	1	1	1	1	1	0.875	1	1	1	1	0.875	0.875	0.875	1
M00035_1	1	1	1	0.75	1	1	1	1	1	1	1	1	1	1	1	1	1	0.75	0.75	0.75	1	1	1	1	1	1	1	1	1	0.75	1
M00368_1	0.333333333333333	0.333333333333333	0.333333333333333	0.333333333333333	0.333333333333333	0.333333333333333	0.333333333333333	0.333333333333333	0.333333333333333	0.333333333333333	0.333333333333333	0.333333333333333	0.333333333333333	0.333333333333333	0.333333333333333	0.333333333333333	0.333333333333333	0.333333333333333	0.333333333333333	0.333333333333333	0.333333333333333	0.333333333333333	0.333333333333333	0.333333333333333	0.333333333333333	0.333333333333333	0.333333333333333	0.333333333333333	0.333333333333333	0.333333333333333	0.333333333333333
M00019_1	1	1	1	1	1	1	1	1	1	1	1	1	1	1	1	1	1	1	1	1	1	1	1	1	1	1	1	1	0.75	1	1
M00535_1	0.666666666666667	0.666666666666667	0.666666666666667	0.333333333333333	0.666666666666667	0.666666666666667	0.666666666666667	0.666666666666667	0.666666666666667	0.666666666666667	0.666666666666667	0.666666666666667	0.666666666666667	0.666666666666667	0.666666666666667	0.666666666666667	0.666666666666667	0.666666666666667	0.666666666666667	0.666666666666667	0.666666666666667	0.666666666666667	0.666666666666667	0.666666666666667	0.666666666666667	0.666666666666667	0.666666666666667	0.666666666666667	0.666666666666667	0.666666666666667	0.666666666666667
M00570_1	1	1	1	1	1	1	1	1	1	1	1	1	1	1	1	1	1	1	1	1	1	1	1	1	1	1	1	1	0.8	1	1
M00432_1	1	1	1	0.666666666666667	1	1	1	1	1	1	1	1	1	1	1	1	1	1	1	1	1	1	1	1	1	1	1	1	1	1	1
M00036_1	0.666666666666667	0.666666666666667	0.666666666666667	0.5	0.666666666666667	0.666666666666667	0.5	0.5	0.5	0.5	0.5	0.5	0.666666666666667	0.666666666666667	0.666666666666667	0.666666666666667	0.5	0.666666666666667	0.5	0.666666666666667	0.666666666666667	0.666666666666667	0.5	0.666666666666667	0.666666666666667	0.666666666666667	0.666666666666667	0.666666666666667	0.5	0.333333333333333	0.666666666666667
M00016_1	0.222222222222222	0.222222222222222	0.222222222222222	0.222222222222222	0.222222222222222	0.222222222222222	0.222222222222222	0.222222222222222	0.222222222222222	0.222222222222222	0.222222222222222	0.222222222222222	0.222222222222222	0.222222222222222	0.222222222222222	0.222222222222222	0.222222222222222	0.222222222222222	0.222222222222222	0.222222222222222	0.222222222222222	0.222222222222222	0.222222222222222	0.222222222222222	0.222222222222222	0.222222222222222	0.222222222222222	0.111111111111111	0.222222222222222	0.222222222222222	0.222222222222222
M00525_1	0.222222222222222	0.222222222222222	0.222222222222222	0.222222222222222	0.222222222222222	0.222222222222222	0.222222222222222	0.222222222222222	0.222222222222222	0.222222222222222	0.222222222222222	0.222222222222222	0.222222222222222	0.222222222222222	0.222222222222222	0.222222222222222	0.222222222222222	0.222222222222222	0.222222222222222	0.222222222222222	0.222222222222222	0.222222222222222	0.222222222222222	0.222222222222222	0.222222222222222	0.222222222222222	0.222222222222222	0.111111111111111	0.222222222222222	0.222222222222222	0.222222222222222
M00526_1	0.333333333333333	0.333333333333333	0.333333333333333	0.333333333333333	0.333333333333333	0.333333333333333	0.333333333333333	0.333333333333333	0.333333333333333	0.333333333333333	0.333333333333333	0.333333333333333	0.333333333333333	0.333333333333333	0.333333333333333	0.333333333333333	0.333333333333333	0.333333333333333	0.333333333333333	0.333333333333333	0.333333333333333	0.333333333333333	0.333333333333333	0.333333333333333	0.333333333333333	0.333333333333333	0.333333333333333	0.166666666666667	0.333333333333333	0.333333333333333	0.333333333333333
M00527_1	0.285714285714286	0.285714285714286	0.285714285714286	0.285714285714286	0.285714285714286	0.285714285714286	0.285714285714286	0.285714285714286	0.285714285714286	0.285714285714286	0.285714285714286	0.285714285714286	0.285714285714286	0.285714285714286	0.285714285714286	0.285714285714286	0.285714285714286	0.285714285714286	0.285714285714286	0.285714285714286	0.285714285714286	0.285714285714286	0.285714285714286	0.285714285714286	0.285714285714286	0.285714285714286	0.285714285714286	0.142857142857143	0.285714285714286	0.285714285714286	0.285714285714286
M00030_1	1	1	1	1	1	1	1	0.875	1	1	0.875	0.875	1	1	1	0.875	1	1	1	1	1	1	0.875	0.875	1	1	1	0.75	1	1	1
M00433_1	1	1	1	1	1	1	1	0.666666666666667	1	1	0.666666666666667	1	1	1	1	0.666666666666667	1	1	1	1	1	1	1	0.666666666666667	1	1	1	0.666666666666667	1	1	1
M00032_1	0.166666666666667	0.166666666666667	0.166666666666667	0.166666666666667	0.166666666666667	0.166666666666667	0.166666666666667	0.166666666666667	0.166666666666667	0.166666666666667	0.166666666666667	0.166666666666667	0.166666666666667	0.166666666666667	0.166666666666667	0.166666666666667	0.166666666666667	0.166666666666667	0.166666666666667	0.166666666666667	0.166666666666667	0.166666666666667	0.166666666666667	0.166666666666667	0.166666666666667	0.166666666666667	0.166666666666667	0.166666666666667	0.166666666666667	0.5	0.166666666666667
M00956_1	0.142857142857143	0.142857142857143	0.142857142857143	0.142857142857143	0.142857142857143	0.142857142857143	0.142857142857143	0.142857142857143	0.142857142857143	0.142857142857143	0.142857142857143	0.142857142857143	0.142857142857143	0.142857142857143	0.142857142857143	0.142857142857143	0.142857142857143	0.142857142857143	0.142857142857143	0.142857142857143	0.142857142857143	0.142857142857143	0.142857142857143	0.142857142857143	0.142857142857143	0.142857142857143	0.142857142857143	0.142857142857143	0.142857142857143	0.142857142857143	0.142857142857143
M00957_1	0.2	0.2	0.2	0.2	0.2	0.2	0.2	0.2	0.2	0.2	0.2	0.2	0.2	0.2	0.2	0.2	0.2	0.2	0.2	0.2	0.2	0.2	0.2	0.2	0.2	0.2	0.2	0.2	0.2	0.2	0.2
M00028_1	1	1	1	1	1	1	1	1	1	1	1	1	1	1	1	1	1	1	1	1	1	1	1	1	1	1	1	0.75	1	1	1
M00844_1	1	1	1	1	1	1	1	0.666666666666667	0.666666666666667	0.666666666666667	0.666666666666667	1	1	1	1	1	1	1	1	1	1	1	0.666666666666667	1	1	1	1	1	0.666666666666667	1	1
M00845_1	0.571428571428571	0.571428571428571	0.571428571428571	0.571428571428571	0.571428571428571	0.571428571428571	0.571428571428571	0.571428571428571	0.571428571428571	0.571428571428571	0.571428571428571	0.428571428571429	0.571428571428571	0.571428571428571	0.571428571428571	0.571428571428571	0.571428571428571	0.428571428571429	0.428571428571429	0.571428571428571	0.571428571428571	0.571428571428571	0.571428571428571	0.571428571428571	0.571428571428571	0.571428571428571	0.571428571428571	0.571428571428571	0.428571428571429	0.428571428571429	0.571428571428571
M00029_1	0.8	0.8	0.8	0.8	0.8	0.8	0.8	0.6	0.6	0.6	0.6	0.8	0.8	0.8	0.8	0.8	0.8	0.8	0.8	0.8	0.8	0.8	0.6	0.8	0.8	0.8	0.8	0.8	0.6	0.8	0.8
M00015_1	1	1	1	0.5	1	1	1	1	1	1	1	1	1	0.5	1	1	1	1	1	1	1	1	1	1	1	1	1	1	1	1	1
M00970_1	1	1	1	1	1	1	1	1	1	1	1	1	1	1	1	1	1	1	1	1	1	1	1	1	1	1	1	1	1	1	1
M00972_1	1	1	1	1	1	1	1	1	1	1	1	1	1	1	1	1	1	1	1	1	1	1	1	1	1	1	1	1	1	1	1
M00133_1	0.5	0.5	0.5	0.5	0.5	0.5	0.5	0.5	0.5	0.5	0.5	0.5	0.5	0.5	0.5	0.5	0.5	0.5	0.5	0.5	0.5	0.5	0.5	0.5	0.5	0.5	0.5	0.5	0.5	0.5	0.5
M00133_2	1	1	1	1	1	1	1	1	1	1	1	1	1	1	1	1	1	1	1	1	1	1	1	1	1	1	1	1	1	1	1
M00133_3	1	1	1	1	1	1	1	1	1	1	1	1	1	1	1	1	1	1	1	1	1	1	1	1	1	1	1	1	1	1	1
M00134_1	1	1	1	1	1	1	1	1	1	1	1	1	1	1	1	1	1	1	1	1	1	1	1	1	1	1	1	1	1	1	1
M00135_1	1	0.666666666666667	1	1	1	1	1	0.666666666666667	1	1	0.666666666666667	0.666666666666667	1	1	0.666666666666667	1	0.333333333333333	0.333333333333333	0.333333333333333	0.333333333333333	1	1	0.666666666666667	1	0.666666666666667	1	1	1	1	1	1
M00026_1	1	1	1	1	1	1	1	1	0.833333333333333	1	1	1	1	1	1	1	1	1	1	1	1	1	1	1	1	1	1	0.666666666666667	1	1	1
M00022_1	1	1	1	1	1	1	1	1	1	1	0.5	1	1	1	1	1	1	1	1	1	1	1	0.5	1	1	1	1	1	0.75	1	1
M00023_1	1	1	1	1	1	1	1	1	1	1	1	1	1	1	1	1	1	1	1	1	1	1	1	1	1	1	1	1	1	1	1
M00024_1	1	1	1	0.5	1	1	1	1	0.5	1	1	0.5	0.5	1	0.5	0.5	1	0.5	0.5	0.5	1	1	0.5	1	0.5	1	1	0.5	1	0.5	0.5
M00910_1	0.333333333333333	0.333333333333333	0.333333333333333	0.333333333333333	0.333333333333333	0.333333333333333	0.333333333333333	0.333333333333333	0.333333333333333	0.333333333333333	0.333333333333333	0.333333333333333	0.333333333333333	0.333333333333333	0.333333333333333	0.333333333333333	0.333333333333333	0.333333333333333	0.333333333333333	0.333333333333333	0.333333333333333	0.333333333333333	0.333333333333333	0.333333333333333	0	0.333333333333333	0.333333333333333	0.333333333333333	0.333333333333333	0.333333333333333	0.333333333333333
M00025_1	1	1	1	1	1	1	1	1	1	1	1	0.5	1	1	1	1	1	1	1	1	1	1	0.5	1	0.5	1	1	1	0.5	1	1
M00040_1	0.333333333333333	0.333333333333333	0.333333333333333	0.333333333333333	0.333333333333333	0.333333333333333	0.333333333333333	0.333333333333333	0.333333333333333	0.333333333333333	0.333333333333333	0.333333333333333	0.333333333333333	0.333333333333333	0.333333333333333	0.333333333333333	0.333333333333333	0.333333333333333	0.333333333333333	0.333333333333333	0.333333333333333	0.333333333333333	0.333333333333333	0.333333333333333	0	0.333333333333333	0.333333333333333	0.333333333333333	0.333333333333333	0.333333333333333	0.333333333333333
M00042_1	0.5	0.5	0.5	0.5	0.5	0.5	0.5	0.5	0.5	0.5	0.5	0.5	0.5	0.5	0.5	0.5	0.25	0.5	0.5	0.5	0.5	0.5	0.5	0.5	0.5	0.5	0.25	0.25	0.5	0.25	0.5
M00044_1	1	1	1	1	1	1	1	1	1	1	1	0.8	1	1	1	1	1	1	0.8	1	1	1	0.6	1	1	1	0.8	0.8	0.8	0.2	0.8
M00037_1	0.5	0.5	0.5	0.5	0.5	0.5	0.5	0.5	0.25	0.5	0.5	0.5	0.5	0.5	0.5	0.5	0.5	0.5	0.5	0.5	0.5	0.5	0.5	0.5	0.5	0.5	0.25	0.25	0.5	0.25	0.5
M00936_1	0.25	0.25	0.25	0.25	0.25	0.25	0.25	0.25	0.25	0.25	0.25	0.25	0.25	0.25	0.25	0.25	0.25	0.25	0.25	0.25	0.25	0.25	0.25	0.25	0.25	0.25	0	0	0.25	0.25	0.25
M00038_1	0.857142857142857	0.857142857142857	0.857142857142857	0.857142857142857	0.857142857142857	0.857142857142857	0.857142857142857	0.857142857142857	0.857142857142857	0.857142857142857	0.857142857142857	0.857142857142857	0.857142857142857	0.857142857142857	0.857142857142857	0.857142857142857	0.857142857142857	0.857142857142857	0.857142857142857	0.857142857142857	0.857142857142857	0.857142857142857	0.857142857142857	0.857142857142857	0.857142857142857	0.857142857142857	0.857142857142857	0.857142857142857	0.714285714285714	0.571428571428571	0.857142857142857
M00027_1	1	1	1	1	1	1	1	1	1	1	1	1	1	1	1	1	1	1	1	1	1	1	1	1	1	1	1	1	1	1	1
M00118_1	1	1	1	1	1	1	1	1	1	1	1	1	1	1	1	1	1	1	1	1	1	1	1	1	1	1	0.5	0.5	1	0.5	1
M00055_1	0.923076923076923	0.923076923076923	0.923076923076923	0.923076923076923	0.923076923076923	0.923076923076923	0.923076923076923	0.923076923076923	0.923076923076923	0.923076923076923	0.923076923076923	0.923076923076923	0.923076923076923	0.923076923076923	0.923076923076923	0.923076923076923	0.923076923076923	0.923076923076923	0.923076923076923	0.923076923076923	0.923076923076923	0.923076923076923	0.846153846153846	0.923076923076923	0.923076923076923	0.923076923076923	0.923076923076923	0.769230769230769	0.923076923076923	0.615384615384615	0.923076923076923
M00072_1	1	1	1	1	1	1	1	1	1	1	1	1	1	1	1	1	1	1	1	1	1	1	0	1	1	1	1	0	1	1	1
M00073_1	1	1	1	1	1	1	1	1	1	1	1	1	1	1	1	1	1	1	1	1	1	1	1	1	1	1	1	1	1	0	0.75
M00074_1	0.714285714285714	0.714285714285714	0.714285714285714	0.714285714285714	0.714285714285714	0.714285714285714	0.714285714285714	0.714285714285714	0.714285714285714	0.714285714285714	0.714285714285714	0.714285714285714	0.714285714285714	0.714285714285714	0.714285714285714	0.714285714285714	0.714285714285714	0.571428571428571	0.571428571428571	0.571428571428571	0.714285714285714	0.714285714285714	0.714285714285714	0.714285714285714	0.714285714285714	0.714285714285714	0.714285714285714	0.714285714285714	0.714285714285714	0.285714285714286	0.428571428571429
M00075_2	1	1	1	1	1	1	1	1	1	1	1	1	1	1	1	1	1	1	1	1	1	1	1	1	0	1	1	1	0	0	1
M00872_1	0.25	0.25	0.25	0.25	0.25	0.25	0.25	0.25	0.25	0.25	0.25	0.25	0.25	0.25	0.25	0.25	0.25	0.25	0.25	0.25	0.25	0.25	0.25	0.25	0.25	0.25	0.25	0.25	0.25	0.25	0.25
M00065_1	0.888888888888889	0.888888888888889	0.888888888888889	0.888888888888889	0.888888888888889	0.888888888888889	0.888888888888889	0.888888888888889	0.888888888888889	0.888888888888889	0.888888888888889	0.888888888888889	0.888888888888889	0.666666666666667	0.888888888888889	0.888888888888889	0.888888888888889	0.888888888888889	0.888888888888889	0.888888888888889	0.888888888888889	0.888888888888889	0.888888888888889	0.888888888888889	0.888888888888889	0.888888888888889	0.888888888888889	0.666666666666667	0.888888888888889	0.444444444444444	0.888888888888889
M00076_1	0	0	0.2	0	0.2	0.2	0.2	0	0	0	0	0	0.2	0.2	0.2	0.2	0	0	0	0	0.2	0.2	0	0	0	0	0	0	0	0	0
M00077_1	0	0	0.25	0	0.25	0.25	0.25	0	0	0	0	0	0.25	0.25	0.25	0.25	0	0	0	0	0.25	0.25	0	0	0	0	0	0	0	0	0
M00078_1	0.125	0.125	0.25	0.125	0.25	0.25	0.25	0.125	0.125	0.125	0.125	0	0.25	0.25	0.25	0.25	0	0	0	0	0.25	0.25	0.125	0.125	0.125	0.125	0.125	0.125	0.125	0.125	0
M00079_1	0.25	0.25	0.25	0.25	0.25	0.25	0.25	0.25	0.25	0.25	0.25	0.25	0.25	0.25	0.25	0.25	0.25	0.25	0.25	0.25	0.25	0.25	0.25	0.25	0.25	0.25	0.25	0.25	0.25	0.25	0.25
M00063_1	0.25	0.25	0.25	0	0.25	0.25	0	0	0	0	0	0.25	0.25	0.25	0.25	0	0.25	0.25	0.25	0.25	0.25	0.25	0.25	0.25	0.25	0	0	0	0	0	0.25
M00127_3	0.333333333333333	0.333333333333333	0.333333333333333	0.333333333333333	0.333333333333333	0.333333333333333	0.333333333333333	0.333333333333333	0.333333333333333	0	0	0	0.333333333333333	0.333333333333333	0.333333333333333	0.333333333333333	0	0.333333333333333	0.333333333333333	0	0.333333333333333	0.333333333333333	0.333333333333333	0.333333333333333	0	0	0	0	0	0.333333333333333	0
M00895_3	0.5	0.5	0.5	0.5	0.5	0.5	0.5	0.5	0.5	0.25	0.25	0.25	0.5	0.5	0.5	0.5	0.25	0.5	0.5	0.25	0.5	0.5	0.5	0.5	0.25	0.25	0.25	0	0.25	0.5	0.25
M00896_2	0.333333333333333	0.333333333333333	0.333333333333333	0.333333333333333	0.333333333333333	0.333333333333333	0.333333333333333	0.333333333333333	0.333333333333333	0	0	0	0.333333333333333	0.333333333333333	0.333333333333333	0.333333333333333	0	0.333333333333333	0.333333333333333	0	0.333333333333333	0.333333333333333	0.333333333333333	0.333333333333333	0	0	0	0	0	0.333333333333333	0
M00897_1	1	1	1	1	1	1	1	1	1	1	1	1	1	1	0	0	0	0	0	0	1	1	1	1	1	1	1	1	1	0	1
M00897_2	0.25	0.25	0.25	0.25	0.25	0.25	0.25	0.25	0.25	0.25	0.25	0.25	0.25	0.25	0.25	0.25	0.25	0.25	0.25	0.25	0.25	0.25	0.25	0.25	0.25	0.25	0.25	0.25	0.25	0.25	0.5
M00898_1	1	1	1	1	1	1	1	1	1	1	1	1	1	1	0	0	0	0	0	0	1	1	1	1	1	1	1	1	1	0	1
M00898_2	0.75	0.75	0.75	0.75	0.75	0.75	1	0.75	0.75	0.75	0.75	0.75	1	0.75	0.75	0.75	0.5	0.75	0.75	0.75	0.75	0.75	0.75	1	0.5	0.75	0.5	0.75	0.75	0.75	1
M00899_1	1	1	1	1	1	1	1	1	1	1	1	1	1	1	1	1	1	1	1	1	1	1	1	1	1	1	1	1	1	1	1
M00899_2	1	1	1	1	1	1	1	1	1	0	0	0	1	1	1	1	0	1	1	0	1	1	1	1	0	0	0	0	0	1	0
M00125_1	0.333333333333333	0.333333333333333	0.333333333333333	0.333333333333333	0.333333333333333	0.333333333333333	0.333333333333333	0.333333333333333	0.333333333333333	0.333333333333333	0.333333333333333	0.333333333333333	0.333333333333333	0.333333333333333	0.333333333333333	0.333333333333333	0.333333333333333	0.333333333333333	0.333333333333333	0.333333333333333	0.333333333333333	0.333333333333333	0.333333333333333	0.333333333333333	0.333333333333333	0	0.333333333333333	0.333333333333333	0	0.333333333333333	0.333333333333333
M00125_2	0	0	0	0	0	0	0	0	0	0	0	0	0	0	0	0	0	0	0	0	0	0	0	0	0	0	0	0	0	0	1
M00125_3	0.666666666666667	0.666666666666667	0.666666666666667	0.666666666666667	0.666666666666667	0.666666666666667	0.666666666666667	0.666666666666667	0.666666666666667	0.666666666666667	0.666666666666667	0.333333333333333	0.666666666666667	0.666666666666667	0.666666666666667	0.666666666666667	0.666666666666667	0.666666666666667	0.666666666666667	0.666666666666667	0.666666666666667	0.666666666666667	0.666666666666667	0.666666666666667	0.666666666666667	0.666666666666667	0.666666666666667	0.666666666666667	0.666666666666667	0.666666666666667	0.666666666666667
M00911_1	0.666666666666667	0.666666666666667	0.666666666666667	0.666666666666667	0.666666666666667	0.666666666666667	0.666666666666667	0.666666666666667	0.666666666666667	0.666666666666667	0.666666666666667	0.666666666666667	0.666666666666667	0.666666666666667	0.666666666666667	0.666666666666667	0.666666666666667	0.666666666666667	0.666666666666667	0.666666666666667	0.666666666666667	0.666666666666667	0.666666666666667	0.666666666666667	0.333333333333333	0.333333333333333	0.666666666666667	0.666666666666667	0.333333333333333	0.333333333333333	0.666666666666667
M00911_2	0	0	0	0	0	0	0	0	0	0	0	0	0	0	0	0	0	0	0	0	0	0	0	0	0	0	0	0	0	0	1
M00911_3	0.75	0.75	0.75	0.75	0.75	0.75	0.75	0.75	0.75	0.75	0.75	0.5	0.75	0.75	0.75	0.75	0.75	0.75	0.75	0.75	0.75	0.75	0.75	0.75	0.75	0.75	0.75	0.75	0.75	0.75	0.75
M00124_1	0.333333333333333	0.333333333333333	0.333333333333333	0.333333333333333	0.333333333333333	0.333333333333333	0.333333333333333	0.333333333333333	0.333333333333333	0.333333333333333	0.333333333333333	0.333333333333333	0.333333333333333	0.333333333333333	0.333333333333333	0.333333333333333	0.333333333333333	0.333333333333333	0.333333333333333	0.333333333333333	0.333333333333333	0.333333333333333	0.333333333333333	0.333333333333333	0.333333333333333	0.333333333333333	0.333333333333333	0.333333333333333	0.333333333333333	0.333333333333333	0.333333333333333
M00916_1	0	0	0	0	0	1	1	0	0	1	0	0	1	1	0	1	0	0	0	0	0	0	1	0	0	1	0	1	1	1	1
M00115_1	0.4	0.4	0.6	0.4	0.6	0.4	0.4	0.4	0.6	0.4	0.4	0.4	0.6	0.6	0.6	0.6	0.6	0.6	0.6	0.6	0.6	0.6	0.4	0.6	0.6	0.6	0.6	0.4	0.4	0.6	0.6
M00912_1	0.875	0.875	1	0.875	1	0.875	0.875	0.875	1	0.875	0.875	0.875	1	1	1	1	1	1	1	1	1	1	0.875	1	1	1	1	0.875	0.75	0.875	1
M00622_1	0.166666666666667	0.166666666666667	0.166666666666667	0.166666666666667	0.166666666666667	0.166666666666667	0.166666666666667	0	0.166666666666667	0.166666666666667	0	0.166666666666667	0.166666666666667	0.166666666666667	0.166666666666667	0.166666666666667	0.166666666666667	0.166666666666667	0.166666666666667	0.166666666666667	0.166666666666667	0.166666666666667	0.166666666666667	0	0.166666666666667	0.166666666666667	0	0.166666666666667	0	0	0
M00119_1	1	1	1	1	1	1	1	1	1	1	1	1	1	1	1	1	1	1	1	1	1	1	1	1	1	1	1	1	1	1	1
M00119_3	1	1	1	1	1	1	1	1	1	1	1	1	1	1	1	1	1	1	1	1	1	1	1	1	1	1	1	1	1	1	1
M00913_1	1	1	1	1	1	1	1	1	1	1	1	1	1	1	1	1	1	1	1	1	1	1	1	1	1	1	1	1	1	1	1
M00913_2	0.5	0.5	0.5	0.5	0.5	0.5	0.5	0.5	0.5	0.5	0.5	0.5	0.5	0.5	0.5	0.5	0.5	0.5	0.5	0.5	0.5	0.5	0.5	0.5	0.5	0.5	0.5	0.5	0.5	0.5	0.5
M00913_3	1	1	1	1	1	1	1	1	1	1	1	1	1	1	1	1	1	1	1	1	1	1	1	1	1	1	1	1	1	1	1
M00120_1	0.666666666666667	0.666666666666667	0.666666666666667	0.666666666666667	0.666666666666667	0.666666666666667	0.666666666666667	0.666666666666667	0.666666666666667	0.666666666666667	0.666666666666667	0.666666666666667	0.666666666666667	0.666666666666667	0.666666666666667	0.666666666666667	0.666666666666667	0.666666666666667	0.666666666666667	0.666666666666667	0.666666666666667	0.666666666666667	0.666666666666667	0.666666666666667	0.666666666666667	0.666666666666667	0.666666666666667	0.666666666666667	0.666666666666667	0.666666666666667	0.666666666666667
M00914_1	0.285714285714286	0.285714285714286	0.285714285714286	0.285714285714286	0.285714285714286	0.285714285714286	0.285714285714286	0.285714285714286	0.285714285714286	0.285714285714286	0.285714285714286	0.285714285714286	0.285714285714286	0.285714285714286	0.285714285714286	0.285714285714286	0.285714285714286	0.285714285714286	0.285714285714286	0.285714285714286	0.285714285714286	0.285714285714286	0.285714285714286	0.285714285714286	0.285714285714286	0.285714285714286	0.285714285714286	0.285714285714286	0.285714285714286	0.285714285714286	0.285714285714286
M00572_1	0.333333333333333	0.333333333333333	0.333333333333333	0.333333333333333	0.333333333333333	0.333333333333333	0.333333333333333	0.333333333333333	0.333333333333333	0.333333333333333	0.333333333333333	0.333333333333333	0.333333333333333	0.333333333333333	0.333333333333333	0.333333333333333	0.333333333333333	0.333333333333333	0.333333333333333	0.333333333333333	0.333333333333333	0.333333333333333	0.333333333333333	0.333333333333333	0.333333333333333	0.333333333333333	0.333333333333333	0.333333333333333	0.333333333333333	0.166666666666667	0.333333333333333
M00123_1	0.666666666666667	0.666666666666667	0.666666666666667	0.333333333333333	0.666666666666667	0.666666666666667	0.666666666666667	0.666666666666667	0.666666666666667	0.666666666666667	0.333333333333333	0.333333333333333	0.666666666666667	0.666666666666667	0.666666666666667	0.666666666666667	0	0	0	0	0.666666666666667	0.666666666666667	0.333333333333333	0.666666666666667	0.333333333333333	0.333333333333333	0	0	0.333333333333333	0.666666666666667	0.666666666666667
M00950_1	0.25	0.25	0.25	0.25	0.25	0.25	0.25	0.25	0.25	0.25	0.25	0.25	0.25	0.25	0.25	0.25	0	0	0	0	0.25	0.25	0.25	0.25	0.25	0.25	0	0	0.25	0.25	0.25
M00573_1	0.2	0.2	0.2	0.2	0.2	0.2	0.2	0.2	0.2	0.2	0.2	0.2	0.2	0.2	0.2	0.2	0	0	0	0	0.2	0.2	0.2	0.2	0.2	0.2	0	0	0.2	0.2	0.2
M00577_1	0.2	0.2	0.2	0.2	0.2	0.2	0.2	0.2	0.2	0.2	0.2	0.2	0.2	0.2	0.2	0.2	0	0	0	0	0.2	0.2	0.2	0.2	0.2	0.2	0	0	0.2	0.2	0.2
M00881_1	0.5	0.5	0.5	0.5	0.5	0.5	0.5	0.5	0.5	0.5	0.5	0.5	0.5	0.5	0.5	0.5	0.5	0.5	0.5	0.5	0.5	0.5	0.5	0.5	0.5	0.5	0.5	0.5	0.5	0.5	0.5
M00882_1	0.5	0.5	0.5	0.5	0.5	0.5	0.5	0.5	0.5	0.5	0.5	0.5	0.5	0.5	0.5	0.5	0.5	0.5	0.5	0.5	0.5	0.5	0.5	0.5	0.5	0.5	0.5	0.5	0.5	0.5	0.5
M00883_1	0.333333333333333	0.333333333333333	0.333333333333333	0.333333333333333	0.333333333333333	0.333333333333333	0.333333333333333	0.333333333333333	0.333333333333333	0.333333333333333	0.333333333333333	0.333333333333333	0.333333333333333	0.333333333333333	0.333333333333333	0.333333333333333	0.333333333333333	0.333333333333333	0.333333333333333	0.333333333333333	0.333333333333333	0.333333333333333	0.333333333333333	0.333333333333333	0.333333333333333	0.333333333333333	0.333333333333333	0.333333333333333	0.333333333333333	0.333333333333333	0.333333333333333
M00884_1	0.5	0.5	0.5	0.5	0.5	0.5	0.5	0.5	0.5	0.5	0.5	0.5	0.5	0.5	0.5	0.5	0.5	0.5	0.5	0.5	0.5	0.5	0.5	0.5	0.5	0.5	0.5	0.5	0.5	0.5	0.5
M00126_1	0.8	0.8	0.8	0.8	0.8	0.8	0.8	0.8	0.8	0.8	0.8	0.8	0.8	0.8	0.8	0.8	0.8	0.8	0.8	0.8	0.8	0.8	0.8	0.8	0.8	0.6	0.8	0.4	0.8	0.8	0.8
M00840_1	0.333333333333333	0.333333333333333	0.333333333333333	0.333333333333333	0.333333333333333	0.333333333333333	0.333333333333333	0.333333333333333	0.333333333333333	0.333333333333333	0.333333333333333	0.333333333333333	0.333333333333333	0.333333333333333	0.333333333333333	0.333333333333333	0.333333333333333	0.333333333333333	0.333333333333333	0.333333333333333	0.333333333333333	0.333333333333333	0.333333333333333	0.333333333333333	0.333333333333333	0.333333333333333	0.333333333333333	0.166666666666667	0.333333333333333	0.166666666666667	0.333333333333333
M00841_1	0.4	0.4	0.4	0.4	0.4	0.4	0.4	0.4	0.4	0.4	0.4	0.4	0.4	0.4	0.4	0.4	0.4	0.4	0.4	0.4	0.4	0.4	0.4	0.4	0.4	0.2	0.4	0	0.4	0.2	0.4
M00842_1	0.333333333333333	0.333333333333333	0.333333333333333	0.333333333333333	0.333333333333333	0.333333333333333	0.333333333333333	0.333333333333333	0.333333333333333	0.333333333333333	0.333333333333333	0.333333333333333	0.333333333333333	0.333333333333333	0.333333333333333	0.333333333333333	0.333333333333333	0.333333333333333	0.333333333333333	0.333333333333333	0.333333333333333	0.333333333333333	0.333333333333333	0.333333333333333	0.333333333333333	0	0.333333333333333	0	0.333333333333333	0.333333333333333	0.333333333333333
M00843_1	0.333333333333333	0.333333333333333	0.333333333333333	0.333333333333333	0.333333333333333	0.333333333333333	0.333333333333333	0.333333333333333	0.333333333333333	0.333333333333333	0.333333333333333	0.333333333333333	0.333333333333333	0.333333333333333	0.333333333333333	0.333333333333333	0.333333333333333	0.333333333333333	0.333333333333333	0.333333333333333	0.333333333333333	0.333333333333333	0.333333333333333	0.333333333333333	0.333333333333333	0	0.333333333333333	0	0.333333333333333	0.333333333333333	0.333333333333333
M00880_1	1	1	1	1	1	1	1	1	1	1	1	1	1	1	1	1	1	1	1	1	1	1	1	1	1	1	1	1	1	0	1
M00140_1	0.333333333333333	0.333333333333333	0.333333333333333	0.333333333333333	0.333333333333333	0.333333333333333	0.333333333333333	0.333333333333333	0.333333333333333	0.333333333333333	0.333333333333333	0.333333333333333	0.333333333333333	0.333333333333333	0.333333333333333	0.333333333333333	0.333333333333333	0.333333333333333	0.333333333333333	0.333333333333333	0.333333333333333	0.333333333333333	0.333333333333333	0.333333333333333	0.333333333333333	0.333333333333333	0.333333333333333	0.333333333333333	0.333333333333333	0.333333333333333	0.333333333333333
M00141_1	1	1	1	1	1	1	1	1	1	1	1	1	1	1	1	1	1	1	1	1	1	1	1	1	1	1	1	1	1	1	1
M00846_1	0.833333333333333	0.833333333333333	0.833333333333333	0.666666666666667	0.833333333333333	0.833333333333333	0.833333333333333	0.666666666666667	0.666666666666667	0.833333333333333	0.666666666666667	0.833333333333333	0.833333333333333	0.833333333333333	0.833333333333333	0.833333333333333	0.833333333333333	0.666666666666667	0.666666666666667	0.666666666666667	0.833333333333333	0.833333333333333	0.833333333333333	0.833333333333333	0.833333333333333	0.833333333333333	0.833333333333333	0.833333333333333	0.666666666666667	0.5	0.666666666666667
M00868_1	1	1	1	1	1	1	1	1	1	1	1	1	1	1	1	1	1	1	1	1	1	1	1	0.875	1	1	1	0.875	1	1	1
M00121_1	0.8	0.8	0.8	0.7	0.8	0.8	0.8	0.8	0.8	0.8	0.8	0.8	0.8	0.8	0.8	0.8	0.8	0.7	0.7	0.7	0.8	0.8	0.8	0.8	0.9	0.8	0.9	0.8	0.7	0.8	0.8
M00926_1	0.777777777777778	0.777777777777778	0.777777777777778	0.666666666666667	0.777777777777778	0.777777777777778	0.777777777777778	0.777777777777778	0.777777777777778	0.777777777777778	0.777777777777778	0.777777777777778	0.777777777777778	0.777777777777778	0.777777777777778	0.777777777777778	0.777777777777778	0.666666666666667	0.666666666666667	0.666666666666667	0.777777777777778	0.777777777777778	0.777777777777778	0.666666666666667	0.777777777777778	0.777777777777778	0.777777777777778	0.666666666666667	0.666666666666667	0.666666666666667	0.666666666666667
M00117_1	0.111111111111111	0.111111111111111	0.111111111111111	0.111111111111111	0.111111111111111	0.111111111111111	0.111111111111111	0.111111111111111	0.111111111111111	0.111111111111111	0.111111111111111	0.111111111111111	0.111111111111111	0.111111111111111	0.111111111111111	0.111111111111111	0.111111111111111	0.111111111111111	0.111111111111111	0.111111111111111	0.111111111111111	0.111111111111111	0.111111111111111	0.111111111111111	0.111111111111111	0.111111111111111	0.111111111111111	0.111111111111111	0.111111111111111	0.111111111111111	0.111111111111111
M00128_1	0.5	0.5	0.5	0.5	0.5	0.5	0.5	0.333333333333333	0.333333333333333	0.333333333333333	0.333333333333333	0.5	0.5	0.5	0.5	0.5	0.5	0.5	0.5	0.333333333333333	0.5	0.5	0.5	0.5	0.5	0.333333333333333	0.333333333333333	0.333333333333333	0.333333333333333	0.333333333333333	0.5
M00095_1	1	1	1	1	1	1	1	1	1	1	1	1	1	1	1	1	1	1	1	1	1	1	1	1	1	1	1	0.857142857142857	1	1	1
M00849_1	0.666666666666667	0.666666666666667	0.666666666666667	0.666666666666667	0.666666666666667	0.666666666666667	0.666666666666667	0.666666666666667	0.666666666666667	0.666666666666667	0.666666666666667	0.666666666666667	0.666666666666667	0.666666666666667	0.666666666666667	0.666666666666667	0.666666666666667	0.666666666666667	0.666666666666667	0.666666666666667	0.666666666666667	0.666666666666667	0.666666666666667	0.666666666666667	0.666666666666667	0.666666666666667	0.666666666666667	0.666666666666667	0.666666666666667	0.666666666666667	0.666666666666667
M00096_1	0.125	0.125	0.125	0.125	0.125	0.125	0.125	0.125	0.125	0.125	0.125	0.125	0.125	0.125	0.125	0.125	0.125	0.125	0.125	0.125	0.125	0.125	0.125	0.125	0.125	0.125	0.125	0.125	0.125	0.125	0.125
M00364_1	0.5	0.5	0.5	0.5	0.5	0.5	0.5	0.5	0.5	0.5	0.5	0.5	0.5	0.5	0.5	0.5	0.5	0.5	0.5	0.5	0.5	0.5	0.5	0.5	0.5	0.5	0.5	0.5	0.5	0.5	0.5
M00365_1	0.5	0.5	0.5	0.5	0.5	0.5	0.5	0.5	0.5	0.5	0.5	0.5	0.5	0.5	0.5	0.5	0.5	0.5	0.5	0.5	0.5	0.5	0.5	0.5	0.5	0.5	0.5	0.5	0.5	0.5	0.5
M00366_1	0.5	0.5	0.5	0.5	0.5	0.5	0.5	0.5	0.5	0.5	0.5	0.5	0.5	0.5	0.5	0.5	0.5	0.5	0.5	0.25	0.5	0.5	0.5	0.5	0.5	0.5	0.5	0.5	0.5	0.5	0.5
M00367_1	1	1	1	1	1	1	1	1	1	1	1	1	1	1	1	1	1	1	1	0.666666666666667	1	1	1	1	1	1	1	1	1	1	1
M00929_1	0.2	0.2	0.2	0	0.2	0.2	0.2	0.2	0.2	0.2	0.2	0.2	0.2	0.2	0.2	0.2	0.2	0	0	0	0.2	0.2	0.2	0.2	0.2	0	0.2	0.2	0	0	0.2
M00039_1	0.2	0.2	0.2	0.2	0.2	0.2	0.2	0.2	0.2	0.2	0.2	0.1	0.2	0.2	0.2	0.2	0.1	0.1	0.1	0.1	0.2	0.2	0.2	0.2	0.2	0.2	0.2	0.2	0.1	0.1	0.2
M00137_1	0.4	0.4	0.4	0.4	0.4	0.4	0.4	0.4	0.4	0.4	0.4	0.2	0.4	0.4	0.4	0.4	0.2	0.2	0.2	0.2	0.4	0.4	0.4	0.4	0.4	0.4	0.4	0.4	0.2	0.2	0.4
M00961_1	0.5	0.5	0.5	0.5	0.5	0.5	0.5	0.5	0.5	0.5	0.5	0.5	0.5	0.5	0.5	0.5	0.5	0.5	0.5	0.5	0.5	0.5	0.5	0.5	0.5	0.5	0.5	0.5	0.5	0.5	0.5
M00953_1	0.2	0.2	0.2	0.2	0.2	0.2	0.2	0.2	0.2	0.2	0.2	0.2	0.2	0.2	0.2	0.2	0.2	0.2	0.2	0.2	0.2	0.2	0.2	0.2	0.2	0.2	0.2	0.2	0.2	0.2	0.2
M00969_1	0	0	0.2	0	0.2	0.2	0	0	0	0	0	0	0.2	0.2	0.2	0	0	0	0	0	0	0	0	0	0	0	0	0	0	0	0
M00661_1	0.333333333333333	0.333333333333333	0.333333333333333	0	0.333333333333333	0.333333333333333	0.333333333333333	0	0	0	0	0	0.333333333333333	0.333333333333333	0.333333333333333	0	0	0	0	0	0.333333333333333	0.333333333333333	0.333333333333333	0	0	0.333333333333333	0.333333333333333	0	0.333333333333333	0	0.333333333333333
M00937_1	0.142857142857143	0.142857142857143	0.142857142857143	0.0714285714285714	0.0714285714285714	0.0714285714285714	0.0714285714285714	0	0	0.0714285714285714	0	0.0714285714285714	0.0714285714285714	0.214285714285714	0.0714285714285714	0	0	0	0	0	0	0	0	0	0	0.214285714285714	0	0	0	0	0.0714285714285714
M00568_1	0.25	0.25	0.25	0.25	0.25	0.25	0.25	0.25	0.25	0.25	0.25	0.25	0.25	0.25	0.25	0.25	0.25	0	0	0	0.25	0.25	0.25	0.25	0.25	0.25	0.25	0.25	0.25	0	0.25
M00878_1	0.285714285714286	0.285714285714286	0.285714285714286	0.142857142857143	0.285714285714286	0.285714285714286	0.285714285714286	0.285714285714286	0.285714285714286	0.285714285714286	0.285714285714286	0.285714285714286	0.285714285714286	0.285714285714286	0.285714285714286	0.285714285714286	0.285714285714286	0.285714285714286	0.285714285714286	0.285714285714286	0.285714285714286	0.285714285714286	0.285714285714286	0.285714285714286	0.285714285714286	0.285714285714286	0.285714285714286	0.285714285714286	0.285714285714286	0.285714285714286	0.285714285714286
M00615_1	1	1	1	1	1	1	1	0	0	0	0	1	1	1	1	1	1	1	1	1	1	1	1	1	1	1	1	1	1	0	1
