contig_id	mean_contig_cov	cluster_id	nucl_freq.gc	length
NODE_1000_length_131_cov_8.250000	1.45	NA	54.1984732824427	131
NODE_1001_length_131_cov_7.250000	1.985	NA	48.8549618320611	131
NODE_1002_length_131_cov_5.000000	0	NA	55.7251908396947	131
NODE_1003_length_131_cov_2.000000	4.336	NA	58.0152671755725	131
NODE_1004_length_131_cov_1.000000	2.748	NA	48.0916030534351	131
NODE_1005_length_130_cov_87.666667	3.692	NA	41.5384615384615	130
NODE_1006_length_130_cov_73.333333	4.046	NA	44.6153846153846	130
NODE_1007_length_130_cov_73.000000	12.423	NA	42.3076923076923	130
NODE_1008_length_130_cov_66.333333	1.323	NA	72.3076923076923	130
NODE_1009_length_130_cov_47.000000	6.985	NA	43.8461538461538	130
NODE_100_length_131964_cov_42.941815	337.350153846154	21	52.768179200388	131964
NODE_1010_length_130_cov_42.333333	17.185	NA	63.8461538461538	130
NODE_1011_length_130_cov_27.000000	6.123	NA	44.6153846153846	130
NODE_1012_length_130_cov_12.666667	1.185	NA	50	130
NODE_1013_length_130_cov_11.000000	0	NA	56.1538461538462	130
NODE_1014_length_130_cov_10.666667	1.154	NA	74.6153846153846	130
NODE_1015_length_130_cov_9.666667	0	NA	34.6153846153846	130
NODE_1016_length_130_cov_9.333333	3.585	NA	64.6153846153846	130
NODE_1017_length_130_cov_6.666667	2.062	NA	62.3076923076923	130
NODE_1018_length_130_cov_6.333333	0	NA	53.0769230769231	130
NODE_1019_length_130_cov_4.333333	1.915	NA	49.2307692307692	130
NODE_101_length_131728_cov_42.927379	334.278846153846	21	53.1428397910847	131728
NODE_1020_length_130_cov_3.000000	1.415	NA	49.2307692307692	130
NODE_1021_length_130_cov_1.333333	0	NA	60	130
NODE_1022_length_129_cov_113.500000	9.643	NA	65.1162790697674	129
NODE_1023_length_129_cov_91.000000	6.574	NA	44.9612403100775	129
NODE_1024_length_129_cov_82.500000	31.984	NA	68.9922480620155	129
NODE_1025_length_129_cov_65.500000	1.519	NA	41.0852713178295	129
NODE_1026_length_129_cov_42.500000	5.705	NA	42.6356589147287	129
NODE_1027_length_129_cov_16.000000	1.628	NA	55.0387596899225	129
NODE_1028_length_129_cov_15.500000	0	NA	52.7131782945736	129
NODE_1029_length_129_cov_10.000000	5.209	NA	59.6899224806202	129
NODE_102_length_131496_cov_42.926672	336.184	21	53.3780495224189	131496
NODE_1030_length_129_cov_10.000000	0	NA	62.7906976744186	129
NODE_1031_length_129_cov_9.000000	1.922	NA	41.0852713178295	129
NODE_1032_length_129_cov_9.000000	2.853	NA	51.1627906976744	129
NODE_1033_length_129_cov_8.000000	2.729	NA	44.1860465116279	129
NODE_1034_length_129_cov_7.500000	0	NA	43.4108527131783	129
NODE_1035_length_129_cov_7.500000	0	NA	62.7906976744186	129
NODE_1036_length_129_cov_7.000000	3.473	NA	42.6356589147287	129
NODE_1037_length_129_cov_6.500000	1.147	NA	66.6666666666667	129
NODE_1038_length_129_cov_6.000000	1.767	NA	55.0387596899225	129
NODE_1039_length_129_cov_5.500000	1.163	NA	62.015503875969	129
NODE_103_length_130969_cov_43.621360	338.180307692308	21	51.842802495247	130969
NODE_1040_length_129_cov_3.500000	0	NA	66.6666666666667	129
NODE_1041_length_129_cov_3.000000	7.341	NA	49.6124031007752	129
NODE_1042_length_129_cov_2.500000	2.713	NA	59.6899224806202	129
NODE_1043_length_128_cov_358.000000	7.953	NA	44.53125	128
NODE_1044_length_128_cov_277.000000	2.719	NA	44.53125	128
NODE_1045_length_128_cov_195.000000	0	NA	44.53125	128
NODE_1046_length_128_cov_191.000000	10.953	NA	43.75	128
NODE_1047_length_128_cov_146.000000	3.656	NA	40.625	128
NODE_1048_length_128_cov_135.000000	2.477	NA	33.59375	128
NODE_1049_length_128_cov_123.000000	2.422	NA	40.625	128
NODE_104_length_129690_cov_40.972747	315.827916666667	21	47.1956203253913	129690
NODE_1050_length_128_cov_98.000000	3.625	NA	40.625	128
NODE_1051_length_128_cov_92.000000	0.891	NA	43.75	128
NODE_1052_length_128_cov_82.000000	3.812	NA	40.625	128
NODE_1053_length_128_cov_79.000000	3.453	NA	44.53125	128
NODE_1054_length_128_cov_35.000000	7.812	NA	34.375	128
NODE_1055_length_128_cov_11.000000	5.094	NA	25	128
NODE_1056_length_128_cov_10.000000	0	NA	38.28125	128
NODE_1057_length_128_cov_9.000000	0	NA	35.15625	128
NODE_1058_length_128_cov_8.000000	0	NA	29.6875	128
NODE_1059_length_128_cov_7.000000	1.578	NA	39.84375	128
NODE_105_length_129525_cov_42.294340	328.523083333333	21	51.4834973943254	129525
NODE_1060_length_128_cov_7.000000	1.234	NA	27.34375	128
NODE_1061_length_128_cov_7.000000	1.734	NA	42.96875	128
NODE_1062_length_128_cov_6.000000	1.359	NA	48.4375	128
NODE_1063_length_128_cov_6.000000	0	NA	54.6875	128
NODE_1064_length_128_cov_5.000000	0	NA	37.5	128
NODE_1065_length_128_cov_5.000000	3.938	NA	42.96875	128
NODE_1066_length_128_cov_5.000000	8.234	NA	57.8125	128
NODE_1067_length_128_cov_4.000000	1.125	NA	46.09375	128
NODE_1068_length_128_cov_3.000000	3.625	NA	37.5	128
NODE_1069_length_128_cov_1.000000	0.938	NA	42.1875	128
NODE_106_length_127201_cov_42.281442	327.774916666667	21	49.3525994292498	127201
NODE_107_length_126438_cov_43.514595	338.246583333333	21	54.0011705341749	126438
NODE_108_length_124028_cov_43.043438	334.37125	21	53.5887057761151	124028
NODE_109_length_123695_cov_43.104121	336.064666666667	21	53.115323982376	123695
NODE_10_length_495523_cov_43.019788	336.696244897959	21	53.2031812852279	495523
NODE_110_length_122677_cov_43.083762	335.09075	21	53.8063369661795	122677
NODE_111_length_120301_cov_43.178333	337.483333333333	21	54.2356256390221	120301
NODE_112_length_118476_cov_42.716787	334.903727272727	21	53.2420068199467	118476
NODE_113_length_117360_cov_43.132139	336.394272727273	21	52.0765167007498	117360
NODE_114_length_117181_cov_42.232653	333.159090909091	21	51.829221460817	117181
NODE_115_length_116553_cov_43.084715	336.689090909091	21	54.0861239092945	116553
NODE_116_length_114643_cov_43.000131	334.953818181818	21	53.8340762192197	114643
NODE_117_length_111270_cov_43.436582	335.672727272727	21	51.4145771546688	111270
NODE_118_length_109695_cov_43.805180	340.6793	21	51.5219472172843	109695
NODE_119_length_109342_cov_42.838502	333.2178	21	53.5484992043314	109342
NODE_11_length_490242_cov_42.931324	336.063510204082	21	53.1149921875319	490242
NODE_120_length_108103_cov_42.853356	335.3479	21	53.0531067592944	108103
NODE_121_length_106843_cov_42.885041	334.222	21	51.7853298765478	106843
NODE_122_length_106702_cov_42.826348	336.5006	21	53.0093156641862	106702
NODE_123_length_106053_cov_43.101788	337.7409	21	53.7599124965819	106053
NODE_124_length_105563_cov_42.479931	329.1667	21	51.6857232174152	105563
NODE_125_length_105015_cov_42.583708	333.0689	21	52.883873732324	105015
NODE_126_length_104975_cov_43.293492	338.2203	21	53.8575851393189	104975
NODE_127_length_104959_cov_42.820608	335.8314	21	53.0645299593174	104959
NODE_128_length_103047_cov_42.860688	336.5422	21	54.6226479179404	103047
NODE_129_length_100916_cov_42.554822	332.5642	21	53.6574973245075	100916
NODE_12_length_487791_cov_43.076858	337.329583333333	21	54.3283906427138	487791
NODE_130_length_98784_cov_42.491399	332.897555555556	21	51.5812277291869	98784
NODE_131_length_97460_cov_42.684208	334.067	21	53.6620151857172	97460
NODE_132_length_96487_cov_42.420880	332.6	21	53.6155129706593	96487
NODE_133_length_92746_cov_42.774031	335.483777777778	21	53.2314062061976	92746
NODE_134_length_92506_cov_42.597398	334.702777777778	21	52.9273776836097	92506
NODE_135_length_90627_cov_42.708807	335.669333333333	21	54.3028015933441	90627
NODE_136_length_90604_cov_43.135626	332.698444444444	21	50.1280296675643	90604
NODE_137_length_88159_cov_42.719704	333.625875	21	52.9906192220874	88159
NODE_138_length_86913_cov_43.281313	338.073125	21	54.6477511994753	86913
NODE_139_length_86804_cov_42.569978	331.87875	21	52.6438873784618	86804
NODE_13_length_464502_cov_43.007341	336.441369565217	21	52.1829830657349	464502
NODE_140_length_86552_cov_43.100411	336.514375	21	54.1743691653572	86552
NODE_141_length_85304_cov_42.378377	335.376	21	52.1452686861109	85304
NODE_142_length_84851_cov_42.427765	330.276125	21	50.3164370484732	84851
NODE_143_length_82173_cov_42.994881	335.39925	21	53.2693220400862	82173
NODE_144_length_81073_cov_42.170953	329.424875	21	50.6494147250009	81073
NODE_145_length_80265_cov_42.684494	334.009	21	53.0704541207251	80265
NODE_146_length_79037_cov_42.979990	337.272714285714	21	54.7022280703974	79037
NODE_147_length_78484_cov_42.621936	334.043428571429	21	50.5962998827787	78484
NODE_148_length_77939_cov_42.593096	331.245	21	53.2288071440486	77939
NODE_149_length_77772_cov_42.492343	329.429714285714	21	49.9292804608342	77772
NODE_14_length_463798_cov_42.810875	333.343108695652	21	53.0774173239212	463798
NODE_150_length_75885_cov_40.382732	317.423142857143	21	44.7756473611386	75885
NODE_151_length_75181_cov_43.421950	338.987428571429	21	54.1080858195555	75181
NODE_152_length_74864_cov_43.268006	338.174	21	54.7365890147467	74864
NODE_153_length_70637_cov_42.468558	333.327285714286	21	52.543284680833	70637
NODE_154_length_70166_cov_43.092977	333.63	21	50.8080836872559	70166
NODE_155_length_69666_cov_42.061217	327.648333333333	21	53.5713260413975	69666
NODE_156_length_69289_cov_42.357017	329.983333333333	21	51.8653754564217	69289
NODE_157_length_68704_cov_43.028916	332.047	21	50.4992431299488	68704
NODE_158_length_68217_cov_42.541049	333.808333333333	21	53.2902355717783	68217
NODE_159_length_67826_cov_42.889777	334.003666666667	21	51.8400023589774	67826
NODE_15_length_458132_cov_42.963162	335.921688888889	21	53.1499655121231	458132
NODE_160_length_67649_cov_42.931815	335.876333333333	21	55.5810137622138	67649
NODE_161_length_66792_cov_43.455756	334.100833333333	21	50.029943705833	66792
NODE_162_length_65192_cov_42.966126	334.367833333333	21	53.0034360044177	65192
NODE_163_length_63985_cov_43.628895	338.478833333333	21	55.0160193795421	63985
NODE_164_length_63943_cov_42.144682	328.7495	21	51.2706629341758	63943
NODE_165_length_63775_cov_42.627090	330.536833333333	21	51.1391611132889	63775
NODE_166_length_60037_cov_42.888850	335.302833333333	21	54.0283491846695	60037
NODE_167_length_59624_cov_43.342858	338.6002	21	54.3287937743191	59624
NODE_168_length_58772_cov_42.393367	332.7794	21	51.6011025658477	58772
NODE_169_length_58668_cov_54.676842	381.8122	21	53.5999181836776	58668
NODE_16_length_441044_cov_42.865877	335.353431818182	21	53.945411342179	441044
NODE_170_length_57259_cov_42.358871	331.2654	21	53.0973296774306	57259
NODE_171_length_56924_cov_43.347430	338.4986	21	52.5595530883283	56924
NODE_172_length_56213_cov_43.431641	339.4478	21	52.850764058136	56213
NODE_173_length_55780_cov_42.918477	338.3812	21	55.2456077447114	55780
NODE_174_length_55671_cov_42.704865	331.6194	21	54.2867920461281	55671
NODE_175_length_55659_cov_42.909296	333.771	21	52.9132754810543	55659
NODE_176_length_55122_cov_42.705737	336.6288	21	52.4164580385327	55122
NODE_177_length_53608_cov_43.017595	334.7592	21	53.5274585882704	53608
NODE_178_length_53353_cov_42.932852	334.0896	21	54.737315614867	53353
NODE_179_length_52432_cov_42.820495	331.6534	21	53.6714220323467	52432
NODE_17_length_433543_cov_42.942619	336.346790697674	21	53.8774700548734	433543
NODE_180_length_52195_cov_43.256780	334.23	21	51.796149056423	52195
NODE_181_length_51772_cov_42.274509	332.882	15	50.0077261840377	51772
NODE_182_length_51363_cov_42.990885	335.6868	21	52.0140957498588	51363
NODE_183_length_51283_cov_43.124892	337.369	21	53.2788643410097	51283
NODE_184_length_50660_cov_43.282944	338.2012	21	53.6616660086854	50660
NODE_185_length_50212_cov_42.201058	329.3312	21	52.3042300645264	50212
NODE_186_length_50030_cov_43.510831	340.1286	21	53.7137717369578	50030
NODE_187_length_49753_cov_42.756015	332.44525	21	52.6078829417322	49753
NODE_188_length_48082_cov_42.922386	333.54625	21	53.048958030032	48082
NODE_189_length_48068_cov_42.857179	330.95175	21	50.7572605475576	48068
NODE_18_length_429303_cov_42.979808	336.651857142857	21	53.5593741483288	429303
NODE_190_length_47623_cov_43.142538	339.42225	21	53.2956764588539	47623
NODE_191_length_47485_cov_42.608387	328.192	21	52.0416973781194	47485
NODE_192_length_45951_cov_43.460785	337.70325	21	52.2230201736633	45951
NODE_193_length_45671_cov_43.437357	341.1695	21	54.1131133542073	45671
NODE_194_length_44525_cov_42.986508	336.43425	21	55.3037619314992	44525
NODE_195_length_43881_cov_43.082895	337.55925	21	53.4696109933684	43881
NODE_196_length_43625_cov_42.478114	332.597	21	53.4510028653295	43625
NODE_197_length_43610_cov_42.646046	333.189	21	51.8757165787663	43610
NODE_198_length_41739_cov_43.251274	340.8885	21	55.5236110112844	41739
NODE_199_length_41688_cov_41.805443	329.6415	21	51.0266743427365	41688
NODE_19_length_428819_cov_42.920757	336.366833333333	21	53.1555271571456	428819
NODE_1_length_737894_cov_43.010799	337.376424657534	21	53.7658525479269	737894
NODE_200_length_41593_cov_41.590122	322.9075	21	47.7315894501479	41593
NODE_201_length_41222_cov_43.233605	336.60575	21	54.0949007811363	41222
NODE_202_length_40560_cov_42.369624	333.28925	21	51.9403353057199	40560
NODE_203_length_39684_cov_43.323761	339.875	21	51.6253401874811	39684
NODE_204_length_37294_cov_41.811123	323.493	21	51.3567866144688	37294
NODE_205_length_36781_cov_43.359906	334.386	21	51.2329735461244	36781
NODE_206_length_36772_cov_42.760595	334.919666666667	21	55.75165887088	36772
NODE_207_length_36306_cov_43.097101	334.315	21	52.6111386547678	36306
NODE_208_length_36000_cov_42.218521	325.959	21	50.2	36000
NODE_209_length_35857_cov_542.073832	4521.59766666667	6	53.281088769278	35857
NODE_20_length_423950_cov_42.926080	336.062571428571	21	52.4800094350749	423950
NODE_210_length_35280_cov_41.871419	328.827	15	50.0821995464853	35280
NODE_211_length_33884_cov_43.863080	339.829	21	54.285208357927	33884
NODE_212_length_33791_cov_42.336056	333.822	21	52.7655292829452	33791
NODE_213_length_33679_cov_43.059967	334.384333333333	21	53.142908043588	33679
NODE_214_length_33487_cov_43.005396	333.333	21	52.9369606115806	33487
NODE_215_length_33314_cov_43.075421	334.598	21	55.9284384943267	33314
NODE_216_length_33257_cov_43.303109	336.918	21	50.3713503923986	33257
NODE_217_length_31538_cov_363.028111	3220.39766666667	16	54.629336039064	31538
NODE_218_length_31506_cov_42.370120	332.589	21	53.5897924204913	31506
NODE_219_length_31300_cov_42.175857	333.366	21	52.9712460063898	31300
NODE_21_length_420868_cov_43.068097	334.802261904762	21	53.6130093045801	420868
NODE_220_length_30460_cov_43.073385	340.201333333333	21	51.4970453053185	30460
NODE_221_length_30175_cov_42.408912	325.742666666667	21	51.1913835956918	30175
NODE_222_length_29642_cov_43.304964	328.6425	21	49.8549355644019	29642
NODE_223_length_27777_cov_43.493345	335.7575	21	53.0690859344062	27777
NODE_224_length_26824_cov_41.811852	323.534	21	51.066209364748	26824
NODE_225_length_25578_cov_41.936938	325.64	15	52.1502854015169	25578
NODE_226_length_23952_cov_857.984050	6768.219	10	25.3340013360053	23952
NODE_227_length_23124_cov_42.555246	331.426	21	53.3644698149109	23124
NODE_228_length_22014_cov_41.749577	322.9425	21	49.9500317979468	22014
NODE_229_length_20486_cov_42.891399	330.086	21	52.2503172898565	20486
NODE_22_length_420790_cov_42.848249	334.882833333333	21	53.2165688348107	420790
NODE_230_length_20195_cov_41.301724	316.745	8	52.0079227531567	20195
NODE_231_length_18979_cov_42.273552	329.476	21	52.442172927973	18979
NODE_232_length_17701_cov_41.955901	323.837	21	51.3925766905825	17701
NODE_233_length_16484_cov_42.264596	328.435	15	48.6957049259888	16484
NODE_234_length_15978_cov_41.578449	322.725	21	52.0340468143698	15978
NODE_235_length_15623_cov_42.329440	324.163	8	48.9598668629585	15623
NODE_236_length_15187_cov_41.967463	327.061	21	52.7819845920853	15187
NODE_237_length_14903_cov_42.030726	328.228	21	51.7681003824733	14903
NODE_238_length_14693_cov_55.917342	433.108	21	50.520656094739	14693
NODE_239_length_14021_cov_42.078307	324.437	21	51.8080022822909	14021
NODE_23_length_402585_cov_42.912982	334.3756	21	53.1907547474446	402585
NODE_240_length_13372_cov_43.374783	334	21	57.1043972479809	13372
NODE_241_length_12982_cov_42.034539	333.072	21	52.6421198582653	12982
NODE_242_length_12753_cov_42.563045	329.164	21	52.1053869677723	12753
NODE_243_length_12607_cov_42.798237	330.817	21	51.8521456333783	12607
NODE_244_length_12598_cov_29.938738	220.127	13	22.3845054770599	12598
NODE_245_length_11694_cov_42.715657	331.933	21	54.3954164528818	11694
NODE_246_length_11692_cov_41.054821	324.719	21	48.9052343482723	11692
NODE_247_length_11364_cov_43.576933	331.836	21	53.247096092925	11364
NODE_248_length_11293_cov_40.602275	313.441	8	47.4364650668556	11293
NODE_249_length_11026_cov_43.371685	342.992	8	51.7776165427172	11026
NODE_24_length_396885_cov_42.758702	335.505897435897	21	53.1259684795344	396885
NODE_250_length_10897_cov_42.455339	332.72	21	56.9606313664311	10897
NODE_251_length_10791_cov_42.469149	324.207	21	48.3365767769438	10791
NODE_252_length_9574_cov_42.778131	332.081	21	51.7443074994777	9574
NODE_253_length_8911_cov_42.319444	327.917	21	52.3846930759735	8911
NODE_254_length_8736_cov_42.025090	321.539	21	50.5494505494505	8736
NODE_255_length_8733_cov_39.232396	301.517	8	45.6658651093553	8733
NODE_256_length_7911_cov_30.561922	247.681	7	37.6058652509164	7911
NODE_257_length_7621_cov_39.851615	302.419	8	47.9989502689936	7621
NODE_258_length_7187_cov_41.942068	325.276	15	53.8054821204953	7187
NODE_259_length_7047_cov_42.133960	325.857	15	50.1915708812261	7047
NODE_25_length_389595_cov_42.913775	333.904263157895	21	53.2096151131303	389595
NODE_260_length_6932_cov_41.729464	315.891	8	50.1875360646278	6932
NODE_261_length_6739_cov_37.230490	294.448	7	49.9480635109067	6739
NODE_262_length_6732_cov_41.131870	318.404	8	50.2376708259061	6732
NODE_263_length_6370_cov_33.978376	225.703	13	24.2229199372057	6370
NODE_264_length_6341_cov_38.498230	296.313	14	47.5161646428008	6341
NODE_265_length_5754_cov_41.827261	315.788	15	48.3837330552659	5754
NODE_266_length_5143_cov_40.647727	320.507	15	50.5735951779117	5143
NODE_267_length_5099_cov_31.894006	230.64	13	24.1223769366542	5099
NODE_268_length_5052_cov_41.636548	309.53	8	49.4853523357086	5052
NODE_269_length_4554_cov_160.208945	549.844	9	53.2498902064119	4554
NODE_26_length_383701_cov_42.857193	335.28797368421	21	53.3128660076466	383701
NODE_270_length_4362_cov_165.546399	536.128	9	53.5304906006419	4362
NODE_271_length_4152_cov_29.877267	253.142	7	43.6416184971098	4152
NODE_272_length_4083_cov_37.399393	304.332	15	50.4530982120989	4083
NODE_273_length_3948_cov_32.576027	228.375	13	23.9614994934144	3948
NODE_274_length_3663_cov_40.781957	307.074	17	53.7264537264537	3663
NODE_275_length_3601_cov_39.115141	294.011	0	46.2371563454596	3601
NODE_276_length_3390_cov_55.465216	388.765	13	18.9085545722714	3390
NODE_277_length_3184_cov_42.448152	317.626	0	47.5816582914573	3184
NODE_278_length_3052_cov_40.883761	313.041	15	48.9842726081258	3052
NODE_279_length_2821_cov_133.309577	516.47	9	54.058844381425	2821
NODE_27_length_381203_cov_42.555813	331.060315789474	21	50.9544783225735	381203
NODE_280_length_2682_cov_39.704892	316.908	20	60.738255033557	2682
NODE_281_length_2460_cov_34.043292	266.898	7	38.9024390243902	2460
NODE_282_length_2446_cov_49.827943	385.345	12	58.4627964022894	2446
NODE_283_length_2121_cov_59.043631	483.895	10	39.4153701084394	2121
NODE_284_length_1857_cov_32.244509	245.605	7	42.9725363489499	1857
NODE_285_length_1686_cov_55.651058	314.103	12	59.1340450771056	1686
NODE_286_length_1559_cov_188.478352	1205.238	9	52.5978191148172	1559
NODE_287_length_1312_cov_90.394937	636.688	11	52.515243902439	1312
NODE_288_length_1104_cov_33.529171	326.263	5	59.1485507246377	1104
NODE_289_length_893_cov_88.749347	651.739	NA	56.6629339305711	893
NODE_28_length_377405_cov_42.805703	335.016648648649	21	53.2891721095375	377405
NODE_290_length_823_cov_341.854885	3118.247	NA	44.5929526123937	823
NODE_291_length_772_cov_29.046512	200.639	NA	47.9274611398964	772
NODE_292_length_718_cov_279.675127	1821.457	NA	55.4317548746518	718
NODE_293_length_684_cov_88.394973	567.146	NA	66.0818713450292	684
NODE_294_length_681_cov_95.045126	571.399	NA	49.1923641703377	681
NODE_295_length_592_cov_78.176344	484.154	NA	47.8040540540541	592
NODE_296_length_586_cov_204.934641	1212.116	NA	52.5597269624573	586
NODE_297_length_586_cov_37.257081	236.961	NA	47.7815699658703	586
NODE_298_length_571_cov_39.889640	252.231	NA	60.7705779334501	571
NODE_299_length_571_cov_37.177928	220.811	NA	60.7705779334501	571
NODE_29_length_376139_cov_42.910883	336.379864864865	21	54.144877292703	376139
NODE_2_length_650850_cov_42.849222	335.455569230769	21	52.8691710839671	650850
NODE_300_length_554_cov_88.868852	457.094	NA	50	554
NODE_301_length_534_cov_161.415233	981.972	NA	66.4794007490637	534
NODE_302_length_526_cov_81.248120	468.715	NA	50.1901140684411	526
NODE_303_length_503_cov_90.361702	512.247	NA	52.286282306163	503
NODE_304_length_452_cov_0.203077	1.985	NA	47.787610619469	452
NODE_305_length_447_cov_172.200000	810.157	NA	57.0469798657718	447
NODE_306_length_433_cov_207.094771	1041.443	NA	63.972286374134	433
NODE_307_length_421_cov_110.506803	639.287	NA	70.0712589073634	421
NODE_308_length_408_cov_0.345196	2.581	NA	41.9117647058824	408
NODE_309_length_402_cov_0.378182	84.144	NA	49.2537313432836	402
NODE_30_length_369030_cov_42.620377	333.978972222222	21	53.5273554995529	369030
NODE_310_length_385_cov_0.275194	1.564	NA	43.6363636363636	385
NODE_311_length_355_cov_82.991228	400.313	NA	52.112676056338	355
NODE_312_length_355_cov_0.403509	2.552	NA	46.1971830985916	355
NODE_313_length_338_cov_0.099526	2.059	NA	36.094674556213	338
NODE_314_length_331_cov_10.700980	88.64	NA	71.6012084592145	331
NODE_315_length_329_cov_59.500000	284.96	NA	60.4863221884498	329
NODE_316_length_321_cov_0.561856	34.763	NA	46.1059190031153	321
NODE_317_length_320_cov_1.404145	663.478	NA	54.6875	320
NODE_318_length_318_cov_226.591623	662.78	NA	52.5157232704403	318
NODE_319_length_315_cov_1.101064	65.232	NA	54.6031746031746	315
NODE_31_length_362687_cov_43.326738	338.178027777778	21	53.5646438940464	362687
NODE_320_length_314_cov_99.197861	359.777	NA	52.2292993630573	314
NODE_321_length_313_cov_16.790323	154.693	NA	41.85303514377	313
NODE_322_length_313_cov_0.688172	11.377	NA	32.2683706070288	313
NODE_323_length_308_cov_0.674033	6.149	NA	54.5454545454545	308
NODE_324_length_307_cov_0.611111	16.02	NA	43.6482084690554	307
NODE_325_length_304_cov_1.508475	83.309	NA	81.25	304
NODE_326_length_304_cov_0.525424	80.898	NA	55.5921052631579	304
NODE_327_length_302_cov_0.737143	90.46	NA	43.7086092715232	302
NODE_328_length_299_cov_1.738372	11.334	NA	44.4816053511706	299
NODE_329_length_299_cov_0.912791	8.943	NA	23.7458193979933	299
NODE_32_length_354423_cov_43.007584	335.336057142857	21	52.6952257613078	354423
NODE_330_length_299_cov_0.773256	8.281	NA	40.8026755852843	299
NODE_331_length_298_cov_0.461988	28.966	NA	47.9865771812081	298
NODE_332_length_298_cov_0.192982	1.02	NA	39.5973154362416	298
NODE_333_length_296_cov_0.704142	3.544	NA	14.1891891891892	296
NODE_334_length_294_cov_3.712575	86.582	NA	67.687074829932	294
NODE_335_length_292_cov_0.775758	5.654	NA	49.6575342465753	292
NODE_336_length_292_cov_0.381818	13.791	NA	22.9452054794521	292
NODE_337_length_290_cov_0.576687	3.124	NA	55.1724137931034	290
NODE_338_length_290_cov_0.392638	5.655	NA	25.8620689655172	290
NODE_339_length_289_cov_0.833333	3.104	NA	56.401384083045	289
NODE_33_length_340881_cov_43.185521	337.760735294118	21	54.1514487460433	340881
NODE_340_length_289_cov_0.580247	24.035	NA	67.4740484429066	289
NODE_341_length_289_cov_0.580247	2.083	NA	53.9792387543253	289
NODE_342_length_289_cov_0.148148	1.045	NA	32.5259515570934	289
NODE_343_length_288_cov_130.204969	254.156	NA	46.5277777777778	288
NODE_344_length_288_cov_0.701863	42.806	NA	22.9166666666667	288
NODE_345_length_287_cov_0.600000	2.578	NA	51.5679442508711	287
NODE_346_length_287_cov_0.362500	3.882	NA	59.9303135888502	287
NODE_347_length_286_cov_0.603774	2.112	NA	60.1398601398601	286
NODE_348_length_286_cov_0.603774	95.839	NA	65.034965034965	286
NODE_349_length_286_cov_0.578616	12.259	NA	57.6923076923077	286
NODE_34_length_337365_cov_42.652925	332.042878787879	21	52.9856386999244	337365
NODE_350_length_286_cov_0.578616	2.643	NA	42.3076923076923	286
NODE_351_length_286_cov_0.534591	2.105	NA	58.3916083916084	286
NODE_352_length_285_cov_0.829114	3.116	NA	48.0701754385965	285
NODE_353_length_285_cov_0.569620	4.863	NA	64.5614035087719	285
NODE_354_length_284_cov_0.458599	2.127	NA	62.6760563380282	284
NODE_355_length_282_cov_0.619355	3.014	NA	59.2198581560284	282
NODE_356_length_282_cov_0.412903	1.071	NA	29.0780141843972	282
NODE_357_length_281_cov_1.584416	2.897	NA	49.4661921708185	281
NODE_358_length_281_cov_0.714286	21.26	NA	49.8220640569395	281
NODE_359_length_281_cov_0.311688	1.075	NA	52.3131672597865	281
NODE_35_length_335182_cov_42.833221	335.107515151515	21	52.6093286632337	335182
NODE_360_length_281_cov_0.311688	1.075	NA	62.9893238434164	281
NODE_361_length_281_cov_0.311688	1.075	NA	76.1565836298932	281
NODE_362_length_280_cov_0.307190	1.075	NA	60.3571428571429	280
NODE_363_length_279_cov_0.315789	1.082	NA	68.8172043010753	279
NODE_364_length_274_cov_0.557823	2.131	NA	75.1824817518248	274
NODE_365_length_267_cov_0.507143	111.835	NA	47.940074906367	267
NODE_366_length_267_cov_0.400000	66.985	NA	48.314606741573	267
NODE_367_length_264_cov_0.554745	31.811	NA	50.3787878787879	264
NODE_368_length_259_cov_0.439394	4.255	NA	41.3127413127413	259
NODE_369_length_259_cov_0.189394	4.069	NA	68.7258687258687	259
NODE_36_length_333639_cov_43.054970	334.16603030303	21	52.4710840159574	333639
NODE_370_length_255_cov_10.343750	213.318	NA	52.5490196078431	255
NODE_371_length_255_cov_1.859375	3.51	NA	25.4901960784314	255
NODE_372_length_254_cov_3.874016	5.681	NA	53.5433070866142	254
NODE_373_length_254_cov_2.086614	2.587	NA	57.4803149606299	254
NODE_374_length_254_cov_1.551181	1.075	NA	50.7874015748031	254
NODE_375_length_253_cov_3.738095	1.708	NA	57.3122529644269	253
NODE_376_length_253_cov_0.547619	2.854	NA	58.102766798419	253
NODE_377_length_253_cov_0.460317	1.083	NA	56.1264822134387	253
NODE_378_length_253_cov_0.341270	11.708	NA	56.5217391304348	253
NODE_379_length_252_cov_0.400000	93.921	NA	48.8095238095238	252
NODE_37_length_323797_cov_43.417354	338.16675	21	52.8198222960682	323797
NODE_380_length_252_cov_0.328000	23.579	NA	49.2063492063492	252
NODE_381_length_250_cov_7.048780	167.168	NA	54	250
NODE_382_length_250_cov_3.089431	70.724	NA	51.6	250
NODE_383_length_250_cov_1.772358	9.732	NA	42.8	250
NODE_384_length_247_cov_0.250000	77.955	NA	61.5384615384615	247
NODE_385_length_246_cov_3.201681	37.423	NA	78.4552845528455	246
NODE_386_length_245_cov_4.144068	23.073	NA	79.1836734693878	245
NODE_387_length_245_cov_4.000000	50.612	NA	53.0612244897959	245
NODE_388_length_245_cov_3.440678	13.171	NA	48.1632653061224	245
NODE_389_length_245_cov_0.271186	3.233	NA	51.0204081632653	245
NODE_38_length_319849_cov_43.028741	336.190483870968	21	52.0076661174492	319849
NODE_390_length_245_cov_0.127119	2.106	NA	58.3673469387755	245
NODE_391_length_244_cov_3.350427	5.393	NA	55.7377049180328	244
NODE_392_length_244_cov_2.333333	0.143	NA	64.344262295082	244
NODE_393_length_243_cov_1.887931	41.358	NA	65.4320987654321	243
NODE_394_length_243_cov_1.767241	0	NA	27.9835390946502	243
NODE_395_length_243_cov_1.456897	3.922	NA	47.3251028806584	243
NODE_396_length_243_cov_1.310345	3.239	NA	63.3744855967078	243
NODE_397_length_242_cov_3.565217	12.537	NA	49.5867768595041	242
NODE_398_length_241_cov_2.526316	1.846	NA	48.9626556016597	241
NODE_399_length_240_cov_4.530973	1.837	NA	49.1666666666667	240
NODE_39_length_314912_cov_42.722061	333.263322580645	21	53.099913626664	314912
NODE_3_length_620947_cov_42.852956	334.423870967742	21	51.872220978602	620947
NODE_400_length_240_cov_4.283186	1.825	NA	42.5	240
NODE_401_length_240_cov_3.690265	3.742	NA	50.4166666666667	240
NODE_402_length_240_cov_3.238938	6.083	NA	45.8333333333333	240
NODE_403_length_239_cov_3.562500	1.071	NA	64.8535564853557	239
NODE_404_length_239_cov_2.991071	14.326	NA	41.4225941422594	239
NODE_405_length_239_cov_2.017857	1.833	NA	43.9330543933054	239
NODE_406_length_239_cov_1.633929	1.423	NA	38.4937238493724	239
NODE_407_length_239_cov_1.607143	0	NA	49.7907949790795	239
NODE_408_length_238_cov_3.513514	2.672	NA	51.2605042016807	238
NODE_409_length_238_cov_2.657658	4.933	NA	57.1428571428571	238
NODE_40_length_314042_cov_42.895411	334.565419354839	21	54.6891817018106	314042
NODE_410_length_238_cov_2.252252	4.13	NA	57.1428571428571	238
NODE_411_length_237_cov_41.154545	1023.173	NA	31.6455696202532	237
NODE_412_length_237_cov_2.545455	3.519	NA	67.5105485232068	237
NODE_413_length_236_cov_20.486239	80.547	NA	63.5593220338983	236
NODE_414_length_236_cov_3.330275	5.648	NA	53.8135593220339	236
NODE_415_length_236_cov_3.201835	0	NA	61.0169491525424	236
NODE_416_length_236_cov_2.871560	1.822	NA	54.6610169491525	236
NODE_417_length_236_cov_1.330275	11.068	NA	27.5423728813559	236
NODE_418_length_235_cov_20.018519	330.928	NA	54.8936170212766	235
NODE_419_length_235_cov_8.370370	39.464	NA	72.3404255319149	235
NODE_41_length_304896_cov_42.957423	335.953366666667	21	52.8622874685139	304896
NODE_420_length_235_cov_2.842593	6.54	NA	54.0425531914894	235
NODE_421_length_235_cov_2.481481	3.77	NA	43.4042553191489	235
NODE_422_length_235_cov_2.398148	87.847	NA	52.3404255319149	235
NODE_423_length_234_cov_3.383178	7.017	NA	65.8119658119658	234
NODE_424_length_234_cov_2.252336	0.645	NA	51.7094017094017	234
NODE_425_length_234_cov_1.869159	2.735	NA	47.8632478632479	234
NODE_426_length_234_cov_1.803738	9.791	NA	47.008547008547	234
NODE_427_length_233_cov_4.933962	17.682	NA	47.6394849785408	233
NODE_428_length_233_cov_4.377358	96.047	NA	43.3476394849785	233
NODE_429_length_233_cov_4.330189	9.773	NA	50.6437768240343	233
NODE_42_length_293769_cov_43.078068	337.119034482759	21	52.7907982122007	293769
NODE_430_length_233_cov_3.037736	18.318	NA	78.5407725321888	233
NODE_431_length_233_cov_1.698113	0.79	NA	63.0901287553648	233
NODE_432_length_233_cov_1.179245	23.833	NA	54.0772532188841	233
NODE_433_length_233_cov_0.283019	4.275	NA	28.755364806867	233
NODE_434_length_232_cov_165.619048	292.991	NA	51.2931034482759	232
NODE_435_length_232_cov_2.457143	74.233	NA	46.551724137931	232
NODE_436_length_231_cov_287.250000	661.74	NA	49.7835497835498	231
NODE_437_length_231_cov_4.865385	47.922	NA	75.3246753246753	231
NODE_438_length_231_cov_3.182692	16.364	NA	44.1558441558442	231
NODE_439_length_231_cov_2.778846	17.325	NA	53.6796536796537	231
NODE_43_length_292125_cov_43.091942	337.315482758621	21	52.9735558408216	292125
NODE_440_length_231_cov_2.346154	17.913	NA	75.3246753246753	231
NODE_441_length_231_cov_2.115385	2.013	NA	45.8874458874459	231
NODE_442_length_230_cov_12.067961	67.465	NA	51.304347826087	230
NODE_443_length_230_cov_5.407767	112.478	NA	50.8695652173913	230
NODE_444_length_230_cov_3.864078	26.422	NA	74.7826086956522	230
NODE_445_length_230_cov_3.126214	1.417	NA	59.1304347826087	230
NODE_446_length_230_cov_3.097087	11.296	NA	39.1304347826087	230
NODE_447_length_230_cov_2.640777	3.309	NA	51.7391304347826	230
NODE_448_length_230_cov_2.631068	33.617	NA	74.7826086956522	230
NODE_449_length_230_cov_2.135922	1.961	NA	51.7391304347826	230
NODE_44_length_291754_cov_43.250687	338.032310344828	21	53.8001192785703	291754
NODE_450_length_230_cov_2.097087	37.048	NA	71.7391304347826	230
NODE_451_length_229_cov_4.588235	60.974	NA	35.8078602620087	229
NODE_452_length_229_cov_3.500000	24.24	NA	29.6943231441048	229
NODE_453_length_228_cov_3.118812	3.741	NA	49.5614035087719	228
NODE_454_length_228_cov_2.801980	16.684	NA	46.0526315789474	228
NODE_455_length_228_cov_2.534653	35.39	NA	67.5438596491228	228
NODE_456_length_227_cov_4.560000	51.731	NA	52.4229074889868	227
NODE_457_length_227_cov_3.330000	22.885	NA	71.3656387665198	227
NODE_458_length_227_cov_3.060000	24.48	NA	38.3259911894273	227
NODE_459_length_227_cov_2.650000	20.604	NA	48.0176211453744	227
NODE_45_length_288152_cov_43.083100	338.141928571429	21	53.2416918848386	288152
NODE_460_length_227_cov_2.470000	89.894	NA	43.6123348017621	227
NODE_461_length_227_cov_2.240000	0	NA	40.0881057268723	227
NODE_462_length_226_cov_2.818182	0.65	NA	49.1150442477876	226
NODE_463_length_226_cov_2.575758	25.044	NA	38.4955752212389	226
NODE_464_length_226_cov_1.919192	4.288	NA	61.0619469026549	226
NODE_465_length_226_cov_1.828283	5.221	NA	48.6725663716814	226
NODE_466_length_225_cov_4.602041	525.24	NA	30.2222222222222	225
NODE_467_length_225_cov_3.173469	48.364	NA	44	225
NODE_468_length_224_cov_47.051546	300.388	NA	53.5714285714286	224
NODE_469_length_224_cov_3.814433	102.969	NA	52.6785714285714	224
NODE_46_length_281068_cov_42.888058	336.487107142857	21	51.7775057993084	281068
NODE_470_length_224_cov_3.391753	22.268	NA	63.3928571428571	224
NODE_471_length_224_cov_2.041237	5.696	NA	27.2321428571429	224
NODE_472_length_223_cov_2.937500	1.462	NA	45.2914798206278	223
NODE_473_length_223_cov_2.677083	4.063	NA	62.3318385650224	223
NODE_474_length_223_cov_2.114583	2.161	NA	61.4349775784753	223
NODE_475_length_223_cov_1.937500	2.511	NA	58.2959641255605	223
NODE_476_length_223_cov_1.229167	57.655	NA	34.5291479820628	223
NODE_477_length_222_cov_4.021053	3.401	NA	44.5945945945946	222
NODE_478_length_222_cov_3.294737	21.441	NA	35.5855855855856	222
NODE_479_length_222_cov_3.231579	3.685	NA	66.6666666666667	222
NODE_47_length_271659_cov_43.194489	337.924296296296	21	52.6314239542956	271659
NODE_480_length_222_cov_2.526316	2.743	NA	41.8918918918919	222
NODE_481_length_222_cov_2.442105	2.901	NA	58.5585585585586	222
NODE_482_length_222_cov_2.326316	2.833	NA	78.8288288288288	222
NODE_483_length_220_cov_72.053763	109.586	NA	59.5454545454545	220
NODE_484_length_220_cov_3.451613	38.145	NA	67.2727272727273	220
NODE_485_length_220_cov_3.290323	1.518	NA	59.5454545454545	220
NODE_486_length_219_cov_2.380435	0	NA	45.2054794520548	219
NODE_487_length_219_cov_2.152174	3.123	NA	57.9908675799087	219
NODE_488_length_218_cov_2.604396	2.023	NA	42.6605504587156	218
NODE_489_length_217_cov_4.100000	0.654	NA	64.9769585253456	217
NODE_48_length_268870_cov_43.165913	337.793230769231	21	52.9040056532897	268870
NODE_490_length_217_cov_3.377778	3.129	NA	56.6820276497696	217
NODE_491_length_217_cov_1.722222	0.737	NA	57.1428571428571	217
NODE_492_length_216_cov_3.011236	3.426	NA	23.6111111111111	216
NODE_493_length_215_cov_2.556818	2.079	NA	45.5813953488372	215
NODE_494_length_215_cov_2.545455	12.163	NA	44.6511627906977	215
NODE_495_length_215_cov_2.090909	6.735	NA	45.5813953488372	215
NODE_496_length_214_cov_4.436782	15.724	NA	62.6168224299065	214
NODE_497_length_214_cov_3.482759	5.785	NA	52.803738317757	214
NODE_498_length_214_cov_2.551724	0.701	NA	45.3271028037383	214
NODE_499_length_214_cov_0.413793	17.355	NA	50.4672897196262	214
NODE_49_length_268744_cov_43.016790	336.682076923077	21	52.9526240585836	268744
NODE_4_length_608310_cov_43.078335	336.611366666667	21	52.9572093176177	608310
NODE_500_length_213_cov_2.581395	0.709	NA	60.093896713615	213
NODE_501_length_213_cov_2.023256	14.408	NA	27.6995305164319	213
NODE_502_length_212_cov_3.835294	4.995	NA	29.7169811320755	212
NODE_503_length_212_cov_2.835294	0.557	NA	37.2641509433962	212
NODE_504_length_212_cov_2.505882	17.108	NA	70.7547169811321	212
NODE_505_length_212_cov_2.411765	0	NA	53.7735849056604	212
NODE_506_length_212_cov_1.811765	0.557	NA	39.1509433962264	212
NODE_507_length_212_cov_1.764706	52.66	NA	68.8679245283019	212
NODE_508_length_211_cov_3.523810	9.564	NA	54.0284360189573	211
NODE_509_length_211_cov_2.642857	58.479	NA	69.6682464454976	211
NODE_50_length_263657_cov_42.835127	333.291576923077	21	52.1761227655628	263657
NODE_510_length_211_cov_2.095238	17.445	NA	41.2322274881517	211
NODE_511_length_210_cov_3.385542	3.976	NA	60.4761904761905	210
NODE_512_length_210_cov_2.409639	25.152	NA	66.1904761904762	210
NODE_513_length_210_cov_2.277108	19.786	NA	50.9523809523809	210
NODE_514_length_210_cov_1.867470	2.214	NA	45.7142857142857	210
NODE_515_length_210_cov_1.518072	2.129	NA	53.8095238095238	210
NODE_516_length_209_cov_53.073171	389.933	NA	55.5023923444976	209
NODE_517_length_209_cov_6.024390	135.799	NA	33.0143540669856	209
NODE_518_length_209_cov_4.195122	58.923	NA	58.8516746411483	209
NODE_519_length_209_cov_3.036585	36.469	NA	50.2392344497608	209
NODE_51_length_262738_cov_42.929321	335.778923076923	21	53.1754066788968	262738
NODE_520_length_209_cov_2.756098	1.301	NA	53.5885167464115	209
NODE_521_length_209_cov_2.682927	4.957	NA	34.9282296650718	209
NODE_522_length_209_cov_1.597561	0.478	NA	41.1483253588517	209
NODE_523_length_208_cov_3.604938	340.394	NA	65.8653846153846	208
NODE_524_length_208_cov_3.382716	9.538	NA	45.1923076923077	208
NODE_525_length_208_cov_2.320988	3.894	NA	47.5961538461538	208
NODE_526_length_208_cov_2.296296	2.101	NA	47.5961538461538	208
NODE_527_length_208_cov_2.148148	4.106	NA	44.2307692307692	208
NODE_528_length_208_cov_2.111111	2.88	NA	29.3269230769231	208
NODE_529_length_208_cov_1.950617	3.63	NA	39.4230769230769	208
NODE_52_length_261321_cov_42.739477	334.553923076923	21	52.5128099157741	261321
NODE_530_length_208_cov_1.481481	23.952	NA	71.1538461538462	208
NODE_531_length_207_cov_148.250000	161.396	NA	60.3864734299517	207
NODE_532_length_207_cov_3.412500	26.256	NA	39.6135265700483	207
NODE_533_length_207_cov_2.900000	21.623	NA	69.5652173913043	207
NODE_534_length_207_cov_2.262500	0	NA	39.6135265700483	207
NODE_535_length_207_cov_2.037500	3.106	NA	41.0628019323672	207
NODE_536_length_206_cov_4.050633	61.956	NA	64.5631067961165	206
NODE_537_length_206_cov_3.000000	4.063	NA	52.9126213592233	206
NODE_538_length_206_cov_2.822785	3.296	NA	57.7669902912621	206
NODE_539_length_206_cov_2.746835	0.951	NA	47.5728155339806	206
NODE_53_length_259918_cov_42.762432	334.51972	21	52.9567017290068	259918
NODE_540_length_206_cov_2.126582	1.495	NA	47.0873786407767	206
NODE_541_length_205_cov_3.461538	1.829	NA	45.3658536585366	205
NODE_542_length_205_cov_3.153846	30.834	NA	54.1463414634146	205
NODE_543_length_205_cov_2.961538	0.995	NA	42.4390243902439	205
NODE_544_length_205_cov_2.807692	0.551	NA	78.5365853658537	205
NODE_545_length_205_cov_2.282051	1.795	NA	61.4634146341463	205
NODE_546_length_205_cov_2.128205	7.132	NA	57.0731707317073	205
NODE_547_length_205_cov_2.076923	47.449	NA	67.3170731707317	205
NODE_548_length_205_cov_1.974359	2.293	NA	35.1219512195122	205
NODE_549_length_205_cov_1.756410	10.834	NA	73.6585365853659	205
NODE_54_length_250616_cov_43.009030	336.00764	21	54.1098732722572	250616
NODE_550_length_205_cov_1.679487	3.98	NA	35.609756097561	205
NODE_551_length_205_cov_1.551282	2.912	NA	71.219512195122	205
NODE_552_length_205_cov_1.269231	73.088	NA	39.0243902439024	205
NODE_553_length_204_cov_2.285714	5.755	NA	51.9607843137255	204
NODE_554_length_204_cov_2.272727	28.765	NA	43.6274509803922	204
NODE_555_length_204_cov_2.168831	2.779	NA	55.8823529411765	204
NODE_556_length_204_cov_1.961039	1.971	NA	39.2156862745098	204
NODE_557_length_204_cov_1.779221	1.211	NA	40.6862745098039	204
NODE_558_length_203_cov_80.618421	151.729	NA	52.2167487684729	203
NODE_559_length_203_cov_3.697368	10.167	NA	33.4975369458128	203
NODE_55_length_250368_cov_43.297381	338.58788	21	52.6688714212679	250368
NODE_560_length_203_cov_3.000000	9.946	NA	35.9605911330049	203
NODE_561_length_203_cov_2.407895	0.458	NA	61.0837438423645	203
NODE_562_length_203_cov_2.118421	2.729	NA	47.7832512315271	203
NODE_563_length_203_cov_2.105263	12.897	NA	18.7192118226601	203
NODE_564_length_203_cov_1.855263	0	NA	56.6502463054187	203
NODE_565_length_203_cov_1.565789	0.704	NA	56.1576354679803	203
NODE_566_length_202_cov_3.146667	0	NA	36.6336633663366	202
NODE_567_length_202_cov_2.760000	3.074	NA	44.5544554455446	202
NODE_568_length_202_cov_2.400000	14.941	NA	60.8910891089109	202
NODE_569_length_202_cov_2.386667	3.589	NA	47.029702970297	202
NODE_56_length_247714_cov_42.875171	334.114125	21	52.892448549537	247714
NODE_570_length_202_cov_2.213333	0.906	NA	18.8118811881188	202
NODE_571_length_202_cov_2.053333	5.416	NA	58.4158415841584	202
NODE_572_length_202_cov_1.653333	9.733	NA	42.5742574257426	202
NODE_573_length_201_cov_3.554054	0.582	NA	68.6567164179104	201
NODE_574_length_201_cov_3.432432	58.846	NA	72.636815920398	201
NODE_575_length_201_cov_3.310811	23.821	NA	41.2935323383085	201
NODE_576_length_201_cov_3.135135	38.244	NA	35.8208955223881	201
NODE_577_length_201_cov_2.837838	3.95	NA	46.7661691542289	201
NODE_578_length_201_cov_2.635135	0.647	NA	48.7562189054726	201
NODE_579_length_201_cov_1.662162	0.672	NA	28.8557213930348	201
NODE_57_length_244488_cov_42.931904	335.968041666667	21	53.2095644776022	244488
NODE_580_length_200_cov_125.972603	172.515	NA	52	200
NODE_581_length_200_cov_78.821918	101.485	NA	42	200
NODE_582_length_200_cov_3.698630	2.69	NA	53.5	200
NODE_583_length_200_cov_3.452055	40.005	NA	55	200
NODE_584_length_200_cov_2.123288	4.07	NA	40	200
NODE_585_length_200_cov_1.712329	7.73	NA	58	200
NODE_586_length_199_cov_7.805556	16.99	NA	33.1658291457286	199
NODE_587_length_199_cov_3.541667	5.362	NA	35.1758793969849	199
NODE_588_length_199_cov_3.375000	16.558	NA	54.7738693467337	199
NODE_589_length_199_cov_3.250000	8.387	NA	48.2412060301508	199
NODE_58_length_231105_cov_43.273017	337.98847826087	21	54.2078276108263	231105
NODE_590_length_199_cov_2.833333	42.784	NA	60.3015075376884	199
NODE_591_length_199_cov_2.805556	17.317	NA	68.3417085427136	199
NODE_592_length_199_cov_2.500000	0.749	NA	45.7286432160804	199
NODE_593_length_199_cov_2.444444	0	NA	39.1959798994975	199
NODE_594_length_199_cov_2.000000	23.93	NA	72.8643216080402	199
NODE_595_length_199_cov_1.847222	19.995	NA	67.3366834170854	199
NODE_596_length_199_cov_1.666667	1.236	NA	56.78391959799	199
NODE_597_length_199_cov_1.277778	0.623	NA	53.7688442211055	199
NODE_598_length_198_cov_4.394366	1.576	NA	49.4949494949495	198
NODE_599_length_198_cov_2.732394	18.379	NA	46.4646464646465	198
NODE_59_length_229125_cov_43.043319	337.776363636364	21	53.5436988543372	229125
NODE_5_length_580494_cov_43.361058	338.354017241379	21	53.355934772797	580494
NODE_600_length_198_cov_2.647887	0	NA	56.0606060606061	198
NODE_601_length_198_cov_2.352113	55.202	NA	41.4141414141414	198
NODE_602_length_198_cov_2.070423	2.227	NA	59.5959595959596	198
NODE_603_length_198_cov_1.816901	0.879	NA	45.4545454545455	198
NODE_604_length_197_cov_11.714286	14.437	NA	32.48730964467	197
NODE_605_length_197_cov_6.457143	28.178	NA	51.7766497461929	197
NODE_606_length_197_cov_4.300000	3.543	NA	47.2081218274112	197
NODE_607_length_197_cov_3.100000	1.67	NA	30.9644670050761	197
NODE_608_length_197_cov_3.042857	1.467	NA	47.7157360406091	197
NODE_609_length_197_cov_2.757143	1.513	NA	50.761421319797	197
NODE_60_length_227550_cov_43.223623	338.077227272727	21	53.452867501648	227550
NODE_610_length_197_cov_2.500000	63.188	NA	51.7766497461929	197
NODE_611_length_197_cov_1.428571	3.416	NA	62.9441624365482	197
NODE_612_length_197_cov_1.357143	15.614	NA	53.8071065989848	197
NODE_613_length_196_cov_2.797101	1.194	NA	34.1836734693878	196
NODE_614_length_196_cov_2.478261	1.347	NA	39.7959183673469	196
NODE_615_length_196_cov_2.449275	2.791	NA	45.4081632653061	196
NODE_616_length_196_cov_2.420290	46.449	NA	66.8367346938775	196
NODE_617_length_196_cov_1.869565	0.847	NA	55.6122448979592	196
NODE_618_length_196_cov_1.753623	2.367	NA	60.2040816326531	196
NODE_619_length_195_cov_3.191176	4.508	NA	48.7179487179487	195
NODE_61_length_226823_cov_42.702086	334.904136363636	21	53.7784968896452	226823
NODE_620_length_195_cov_2.926471	14.564	NA	50.7692307692308	195
NODE_621_length_195_cov_2.911765	11.621	NA	43.0769230769231	195
NODE_622_length_195_cov_2.205882	0.759	NA	46.1538461538462	195
NODE_623_length_194_cov_2.641791	0.768	NA	36.5979381443299	194
NODE_624_length_194_cov_2.492537	3.242	NA	60.3092783505155	194
NODE_625_length_194_cov_2.358209	0.66	NA	69.0721649484536	194
NODE_626_length_194_cov_2.343284	2.113	NA	29.3814432989691	194
NODE_627_length_194_cov_2.119403	3.036	NA	65.4639175257732	194
NODE_628_length_194_cov_2.104478	18.675	NA	31.9587628865979	194
NODE_629_length_194_cov_2.089552	1.505	NA	25.2577319587629	194
NODE_62_length_226209_cov_43.058222	337.817590909091	21	54.0442687956713	226209
NODE_630_length_194_cov_1.970149	0	NA	45.8762886597938	194
NODE_631_length_194_cov_1.805970	2.129	NA	38.1443298969072	194
NODE_632_length_194_cov_1.731343	4.727	NA	25.7731958762887	194
NODE_633_length_194_cov_1.641791	0.763	NA	55.6701030927835	194
NODE_634_length_193_cov_4.515152	15.674	NA	33.160621761658	193
NODE_635_length_193_cov_3.954545	3.637	NA	22.279792746114	193
NODE_636_length_193_cov_3.712121	1.326	NA	65.2849740932643	193
NODE_637_length_193_cov_3.136364	0	NA	37.3056994818653	193
NODE_638_length_193_cov_2.893939	6.321	NA	38.3419689119171	193
NODE_639_length_193_cov_2.848485	2.85	NA	59.0673575129534	193
NODE_63_length_224230_cov_43.129360	337.356409090909	21	52.0380858939482	224230
NODE_640_length_193_cov_2.287879	1.472	NA	53.8860103626943	193
NODE_641_length_193_cov_2.106061	8.207	NA	25.3886010362694	193
NODE_642_length_193_cov_2.030303	3.425	NA	49.2227979274611	193
NODE_643_length_193_cov_1.439394	3.891	NA	46.1139896373057	193
NODE_644_length_193_cov_1.409091	9.155	NA	41.4507772020725	193
NODE_645_length_192_cov_2.969231	211.021	NA	32.8125	192
NODE_646_length_192_cov_2.723077	0	NA	39.5833333333333	192
NODE_647_length_192_cov_2.600000	0.906	NA	40.1041666666667	192
NODE_648_length_192_cov_1.953846	1.323	NA	68.2291666666667	192
NODE_649_length_192_cov_1.784615	0	NA	43.2291666666667	192
NODE_64_length_224229_cov_43.015301	336.632	21	53.5015542146645	224229
NODE_650_length_192_cov_1.292308	25.255	NA	62.5	192
NODE_651_length_191_cov_4.546875	0.754	NA	34.0314136125654	191
NODE_652_length_191_cov_2.796875	3.377	NA	39.2670157068063	191
NODE_653_length_191_cov_2.609375	1.482	NA	40.3141361256544	191
NODE_654_length_191_cov_2.515625	43.88	NA	67.5392670157068	191
NODE_655_length_191_cov_2.421875	2.99	NA	53.4031413612565	191
NODE_656_length_191_cov_2.250000	1.565	NA	46.5968586387435	191
NODE_657_length_191_cov_2.203125	3.005	NA	56.020942408377	191
NODE_658_length_191_cov_2.187500	0.482	NA	68.0628272251309	191
NODE_659_length_191_cov_2.000000	8.853	NA	63.3507853403141	191
NODE_65_length_223369_cov_42.903898	335.526	21	54.5881478629532	223369
NODE_660_length_191_cov_1.906250	22.754	NA	29.8429319371728	191
NODE_661_length_191_cov_1.859375	24.12	NA	70.1570680628272	191
NODE_662_length_191_cov_1.453125	2.681	NA	46.0732984293194	191
NODE_663_length_190_cov_6.761905	81.958	NA	72.6315789473684	190
NODE_664_length_190_cov_2.301587	9.737	NA	57.8947368421053	190
NODE_665_length_190_cov_2.269841	1.463	NA	74.2105263157895	190
NODE_666_length_190_cov_1.793651	1.726	NA	43.6842105263158	190
NODE_667_length_189_cov_3.354839	1.81	NA	67.1957671957672	189
NODE_668_length_189_cov_3.064516	4.746	NA	46.5608465608466	189
NODE_669_length_189_cov_2.145161	1.894	NA	21.6931216931217	189
NODE_66_length_220452_cov_42.532672	334.075818181818	21	53.807177979787	220452
NODE_670_length_189_cov_2.129032	64.233	NA	40.2116402116402	189
NODE_671_length_189_cov_1.983871	0	NA	59.7883597883598	189
NODE_672_length_189_cov_1.806452	3.095	NA	64.021164021164	189
NODE_673_length_189_cov_1.354839	0	NA	52.3809523809524	189
NODE_674_length_188_cov_3.770492	2.043	NA	54.2553191489362	188
NODE_675_length_188_cov_3.196721	0.798	NA	64.8936170212766	188
NODE_676_length_188_cov_2.836066	2.601	NA	46.8085106382979	188
NODE_677_length_188_cov_2.524590	0.553	NA	65.4255319148936	188
NODE_678_length_188_cov_2.475410	4.404	NA	47.3404255319149	188
NODE_679_length_188_cov_2.360656	4.676	NA	44.1489361702128	188
NODE_67_length_218079_cov_42.781305	333.77719047619	21	53.5026297809509	218079
NODE_680_length_188_cov_2.327869	16.202	NA	71.2765957446808	188
NODE_681_length_188_cov_2.000000	143.835	NA	27.6595744680851	188
NODE_682_length_188_cov_1.622951	0.793	NA	41.4893617021277	188
NODE_683_length_187_cov_136.283333	133.112	NA	55.0802139037433	187
NODE_684_length_187_cov_4.466667	5.979	NA	33.6898395721925	187
NODE_685_length_187_cov_2.566667	13.503	NA	69.5187165775401	187
NODE_686_length_187_cov_2.233333	1.455	NA	45.4545454545455	187
NODE_687_length_187_cov_2.000000	20.139	NA	63.6363636363636	187
NODE_688_length_187_cov_1.866667	1.872	NA	48.1283422459893	187
NODE_689_length_187_cov_1.516667	32.503	NA	57.2192513368984	187
NODE_68_length_217869_cov_43.129869	337.127904761905	21	53.5721006659965	217869
NODE_690_length_186_cov_3.983051	19.226	NA	32.7956989247312	186
NODE_691_length_186_cov_3.508475	1.462	NA	56.4516129032258	186
NODE_692_length_186_cov_3.101695	39.215	NA	66.6666666666667	186
NODE_693_length_186_cov_2.745763	2.645	NA	61.8279569892473	186
NODE_694_length_186_cov_2.661017	0.79	NA	64.5161290322581	186
NODE_695_length_186_cov_2.322034	27.86	NA	41.3978494623656	186
NODE_696_length_186_cov_2.237288	0	NA	49.4623655913978	186
NODE_697_length_186_cov_2.135593	3.634	NA	39.7849462365591	186
NODE_698_length_186_cov_2.118644	2.011	NA	53.7634408602151	186
NODE_699_length_186_cov_1.898305	11.172	NA	36.0215053763441	186
NODE_69_length_205128_cov_43.104990	335.60915	21	54.2007917007917	205128
NODE_6_length_552875_cov_42.966869	336.0506	21	53.4657924485643	552875
NODE_700_length_186_cov_1.881356	0.317	NA	52.1505376344086	186
NODE_701_length_186_cov_1.542373	4.737	NA	44.6236559139785	186
NODE_702_length_185_cov_11.396552	52.503	NA	74.5945945945946	185
NODE_703_length_185_cov_3.034483	4.778	NA	42.7027027027027	185
NODE_704_length_185_cov_3.000000	0.659	NA	29.1891891891892	185
NODE_705_length_185_cov_2.810345	48.151	NA	63.2432432432432	185
NODE_706_length_185_cov_2.706897	2.157	NA	37.8378378378378	185
NODE_707_length_185_cov_2.672414	2.427	NA	40	185
NODE_708_length_185_cov_2.517241	1.535	NA	37.2972972972973	185
NODE_709_length_185_cov_2.448276	5.865	NA	31.8918918918919	185
NODE_70_length_200701_cov_42.880274	334.196	21	53.1711351712249	200701
NODE_710_length_185_cov_1.982759	28.838	NA	64.8648648648649	185
NODE_711_length_185_cov_1.982759	2.157	NA	19.4594594594595	185
NODE_712_length_185_cov_1.931034	0.811	NA	60.5405405405405	185
NODE_713_length_185_cov_1.827586	0.751	NA	31.8918918918919	185
NODE_714_length_185_cov_1.775862	0	NA	56.2162162162162	185
NODE_715_length_185_cov_1.741379	2.432	NA	32.4324324324324	185
NODE_716_length_185_cov_1.689655	9.795	NA	70.2702702702703	185
NODE_717_length_185_cov_1.500000	8.243	NA	57.8378378378378	185
NODE_718_length_184_cov_5.789474	23.951	NA	67.9347826086957	184
NODE_719_length_184_cov_5.157895	2.326	NA	50.5434782608696	184
NODE_71_length_198689_cov_43.159658	337.798684210526	21	52.8952282209886	198689
NODE_720_length_184_cov_2.964912	44.886	NA	66.304347826087	184
NODE_721_length_184_cov_2.754386	0.457	NA	47.8260869565217	184
NODE_722_length_184_cov_2.456140	0.815	NA	45.1086956521739	184
NODE_723_length_184_cov_2.403509	11.06	NA	43.4782608695652	184
NODE_724_length_184_cov_2.350877	6.897	NA	43.4782608695652	184
NODE_725_length_184_cov_2.122807	1.565	NA	55.4347826086956	184
NODE_726_length_184_cov_1.719298	0.783	NA	29.8913043478261	184
NODE_727_length_184_cov_1.684211	17.043	NA	59.7826086956522	184
NODE_728_length_183_cov_3.732143	2.77	NA	44.8087431693989	183
NODE_729_length_183_cov_3.125000	6.47	NA	43.1693989071038	183
NODE_72_length_194112_cov_42.960837	334.216736842105	21	52.6093183316848	194112
NODE_730_length_183_cov_2.571429	0	NA	39.344262295082	183
NODE_731_length_183_cov_2.571429	7.115	NA	47.5409836065574	183
NODE_732_length_183_cov_2.517857	2.672	NA	45.3551912568306	183
NODE_733_length_183_cov_2.250000	11.273	NA	60.655737704918	183
NODE_734_length_183_cov_1.785714	2.301	NA	36.6120218579235	183
NODE_735_length_183_cov_1.714286	5.355	NA	27.3224043715847	183
NODE_736_length_182_cov_18.236364	42.462	NA	51.6483516483516	182
NODE_737_length_182_cov_4.254545	16.533	NA	73.6263736263736	182
NODE_738_length_182_cov_3.763636	15.83	NA	43.4065934065934	182
NODE_739_length_182_cov_3.145455	4.049	NA	42.8571428571429	182
NODE_73_length_190473_cov_42.374880	330.888631578947	21	52.6499818871966	190473
NODE_740_length_182_cov_2.563636	1.632	NA	30.7692307692308	182
NODE_741_length_182_cov_2.563636	3.181	NA	55.4945054945055	182
NODE_742_length_182_cov_2.254545	15.901	NA	32.4175824175824	182
NODE_743_length_182_cov_2.036364	1.973	NA	41.2087912087912	182
NODE_744_length_182_cov_1.727273	11.005	NA	65.9340659340659	182
NODE_745_length_181_cov_4.296296	14.486	NA	50.2762430939227	181
NODE_746_length_181_cov_4.277778	32.492	NA	79.0055248618785	181
NODE_747_length_181_cov_4.111111	3.691	NA	34.2541436464088	181
NODE_748_length_181_cov_3.925926	30.215	NA	77.9005524861878	181
NODE_749_length_181_cov_3.907407	0.74	NA	48.0662983425414	181
NODE_74_length_188858_cov_43.086123	338.168833333333	21	52.2244225820458	188858
NODE_750_length_181_cov_3.555556	44.459	NA	66.2983425414365	181
NODE_751_length_181_cov_3.555556	2.459	NA	46.4088397790055	181
NODE_752_length_181_cov_3.462963	15.21	NA	53.0386740331492	181
NODE_753_length_181_cov_3.240741	3.713	NA	50.2762430939227	181
NODE_754_length_181_cov_3.055556	2.221	NA	32.5966850828729	181
NODE_755_length_181_cov_2.685185	4.133	NA	43.0939226519337	181
NODE_756_length_181_cov_2.518519	0	NA	44.1988950276243	181
NODE_757_length_181_cov_2.351852	1.613	NA	43.0939226519337	181
NODE_758_length_181_cov_2.277778	1.895	NA	59.1160220994475	181
NODE_759_length_181_cov_2.166667	8.459	NA	63.5359116022099	181
NODE_75_length_187373_cov_42.772460	335.344444444444	21	54.2895721368607	187373
NODE_760_length_181_cov_2.129630	1.657	NA	58.0110497237569	181
NODE_761_length_181_cov_1.907407	6.436	NA	53.0386740331492	181
NODE_762_length_180_cov_5.018868	18.833	NA	52.2222222222222	180
NODE_763_length_180_cov_4.660377	11.506	NA	61.6666666666667	180
NODE_764_length_180_cov_3.811321	18.978	NA	43.8888888888889	180
NODE_765_length_180_cov_3.792453	2.439	NA	51.6666666666667	180
NODE_766_length_180_cov_3.245283	5.022	NA	44.4444444444444	180
NODE_767_length_180_cov_3.245283	2.444	NA	37.7777777777778	180
NODE_768_length_180_cov_2.867925	13.272	NA	67.7777777777778	180
NODE_769_length_180_cov_2.830189	2.606	NA	42.7777777777778	180
NODE_76_length_186397_cov_43.242277	338.658	21	53.368348203029	186397
NODE_770_length_180_cov_2.641509	0	NA	76.6666666666667	180
NODE_771_length_180_cov_2.094340	2.189	NA	57.2222222222222	180
NODE_772_length_180_cov_2.094340	2.483	NA	49.4444444444444	180
NODE_773_length_180_cov_2.037736	0	NA	21.6666666666667	180
NODE_774_length_180_cov_1.867925	0.828	NA	53.3333333333333	180
NODE_775_length_180_cov_1.773585	0.678	NA	55	180
NODE_776_length_180_cov_1.679245	0	NA	58.8888888888889	180
NODE_777_length_180_cov_1.660377	7.683	NA	65.5555555555556	180
NODE_778_length_180_cov_1.490566	15.178	NA	56.6666666666667	180
NODE_779_length_180_cov_1.452830	10.756	NA	61.6666666666667	180
NODE_77_length_179538_cov_43.001293	336.666941176471	21	53.0327841459747	179538
NODE_780_length_180_cov_1.396226	1.572	NA	40	180
NODE_781_length_179_cov_4.346154	2.67	NA	32.4022346368715	179
NODE_782_length_179_cov_3.326923	0	NA	64.804469273743	179
NODE_783_length_179_cov_2.923077	2.106	NA	39.1061452513966	179
NODE_784_length_179_cov_2.730769	1.704	NA	63.6871508379888	179
NODE_785_length_179_cov_2.730769	5.453	NA	43.5754189944134	179
NODE_786_length_179_cov_2.634615	0.927	NA	67.0391061452514	179
NODE_787_length_179_cov_2.634615	5.788	NA	54.1899441340782	179
NODE_788_length_179_cov_2.326923	0.793	NA	64.804469273743	179
NODE_789_length_179_cov_2.288462	3.877	NA	43.5754189944134	179
NODE_78_length_176101_cov_43.149107	336.454176470588	21	53.2137807281049	176101
NODE_790_length_179_cov_2.250000	0.827	NA	67.5977653631285	179
NODE_791_length_179_cov_2.096154	1.542	NA	17.3184357541899	179
NODE_792_length_179_cov_1.730769	1.598	NA	50.2793296089385	179
NODE_793_length_179_cov_1.673077	2.492	NA	30.7262569832402	179
NODE_794_length_179_cov_1.500000	8.62	NA	34.0782122905028	179
NODE_795_length_179_cov_1.307692	0.793	NA	46.927374301676	179
NODE_796_length_178_cov_5.196078	16.433	NA	60.6741573033708	178
NODE_797_length_178_cov_3.294118	0.826	NA	34.8314606741573	178
NODE_798_length_178_cov_3.254902	0	NA	46.0674157303371	178
NODE_799_length_178_cov_3.078431	126.343	NA	65.1685393258427	178
NODE_79_length_166174_cov_42.528091	332.8073125	21	55.7156955961823	166174
NODE_7_length_525197_cov_43.021085	335.391826923077	21	54.3359920182332	525197
NODE_800_length_178_cov_3.039216	0.837	NA	47.752808988764	178
NODE_801_length_178_cov_2.921569	26.444	NA	60.6741573033708	178
NODE_802_length_178_cov_2.705882	23.028	NA	70.7865168539326	178
NODE_803_length_178_cov_2.470588	6.051	NA	43.8202247191011	178
NODE_804_length_178_cov_2.215686	0	NA	61.7977528089888	178
NODE_805_length_178_cov_2.117647	0.837	NA	61.2359550561798	178
NODE_806_length_178_cov_2.000000	27.725	NA	66.2921348314607	178
NODE_807_length_178_cov_1.960784	41.938	NA	33.7078651685393	178
NODE_808_length_178_cov_1.843137	2.517	NA	51.123595505618	178
NODE_809_length_178_cov_1.784314	1.258	NA	33.1460674157303	178
NODE_80_length_161706_cov_43.414924	337.7711875	21	53.6813723671354	161706
NODE_810_length_178_cov_1.647059	11.506	NA	57.8651685393258	178
NODE_811_length_178_cov_1.588235	6.584	NA	62.9213483146067	178
NODE_812_length_178_cov_1.333333	1.669	NA	53.9325842696629	178
NODE_813_length_178_cov_1.254902	10.663	NA	16.2921348314607	178
NODE_814_length_178_cov_1.215686	31.242	NA	39.3258426966292	178
NODE_815_length_177_cov_17.640000	36.39	NA	49.7175141242938	177
NODE_816_length_177_cov_17.500000	88.605	NA	28.8135593220339	177
NODE_817_length_177_cov_9.080000	21.04	NA	49.7175141242938	177
NODE_818_length_177_cov_8.960000	8.989	NA	33.8983050847458	177
NODE_819_length_177_cov_5.940000	25.017	NA	36.7231638418079	177
NODE_81_length_161455_cov_42.715127	334.2073125	21	53.4539035644607	161455
NODE_820_length_177_cov_5.500000	5.367	NA	44.6327683615819	177
NODE_821_length_177_cov_5.240000	14.169	NA	36.7231638418079	177
NODE_822_length_177_cov_4.880000	25.972	NA	38.4180790960452	177
NODE_823_length_177_cov_3.180000	0.701	NA	62.7118644067797	177
NODE_824_length_177_cov_3.120000	17.169	NA	42.3728813559322	177
NODE_825_length_177_cov_2.980000	0	NA	26.5536723163842	177
NODE_826_length_177_cov_2.940000	1.797	NA	35.0282485875706	177
NODE_827_length_177_cov_2.940000	2.277	NA	32.7683615819209	177
NODE_828_length_177_cov_2.900000	2.949	NA	60.4519774011299	177
NODE_829_length_177_cov_2.860000	0.746	NA	46.8926553672316	177
NODE_82_length_154296_cov_43.396435	339.794333333333	21	54.3014724944263	154296
NODE_830_length_177_cov_2.720000	8.311	NA	37.8531073446328	177
NODE_831_length_177_cov_2.680000	8.328	NA	19.2090395480226	177
NODE_832_length_177_cov_2.240000	0.768	NA	68.361581920904	177
NODE_833_length_177_cov_2.120000	0.797	NA	47.4576271186441	177
NODE_834_length_177_cov_1.980000	1.141	NA	22.5988700564972	177
NODE_835_length_177_cov_1.960000	1.706	NA	41.2429378531073	177
NODE_836_length_177_cov_1.940000	10.542	NA	30.5084745762712	177
NODE_837_length_177_cov_1.920000	1.667	NA	48.0225988700565	177
NODE_838_length_177_cov_1.600000	1.655	NA	43.5028248587571	177
NODE_839_length_177_cov_1.220000	3.006	NA	46.3276836158192	177
NODE_83_length_154050_cov_42.868876	332.8518	21	52.1395650762739	154050
NODE_840_length_177_cov_1.200000	2.362	NA	50.2824858757062	177
NODE_841_length_176_cov_2.979592	4.42	NA	52.8409090909091	176
NODE_842_length_176_cov_2.551020	1.852	NA	52.2727272727273	176
NODE_843_length_176_cov_2.530612	9.295	NA	40.3409090909091	176
NODE_844_length_176_cov_2.448980	7.92	NA	68.1818181818182	176
NODE_845_length_176_cov_2.285714	0	NA	14.2045454545455	176
NODE_846_length_176_cov_2.265306	1.659	NA	47.7272727272727	176
NODE_847_length_176_cov_2.122449	2.369	NA	55.1136363636364	176
NODE_848_length_176_cov_2.040816	1.67	NA	52.8409090909091	176
NODE_849_length_176_cov_2.020408	6.665	NA	42.6136363636364	176
NODE_84_length_152985_cov_42.878796	332.083533333333	21	52.6711769127692	152985
NODE_850_length_176_cov_1.938776	0	NA	39.2045454545455	176
NODE_851_length_176_cov_1.877551	2.432	NA	50.5681818181818	176
NODE_852_length_176_cov_1.734694	5.71	NA	44.8863636363636	176
NODE_853_length_176_cov_1.551020	2.545	NA	43.75	176
NODE_854_length_175_cov_20.770833	26.537	NA	52	175
NODE_855_length_175_cov_5.354167	17.966	NA	49.7142857142857	175
NODE_856_length_164_cov_6.189189	2.451	NA	46.3414634146341	164
NODE_857_length_162_cov_125.714286	246.58	NA	58.641975308642	162
NODE_858_length_160_cov_6.333333	4.081	NA	53.75	160
NODE_859_length_160_cov_4.666667	17.006	NA	50.625	160
NODE_85_length_152957_cov_43.152117	336.667533333333	21	53.6392580921435	152957
NODE_860_length_160_cov_3.878788	5.075	NA	51.875	160
NODE_861_length_160_cov_3.212121	20.556	NA	50.625	160
NODE_862_length_159_cov_11.500000	1.283	NA	30.8176100628931	159
NODE_863_length_159_cov_3.718750	3.843	NA	69.1823899371069	159
NODE_864_length_159_cov_3.718750	0	NA	57.8616352201258	159
NODE_865_length_157_cov_74.266667	32.236	NA	54.140127388535	157
NODE_866_length_157_cov_3.933333	3.771	NA	47.1337579617834	157
NODE_867_length_157_cov_3.100000	3.204	NA	67.515923566879	157
NODE_868_length_156_cov_8.862069	2.006	NA	48.7179487179487	156
NODE_869_length_156_cov_4.965517	2.923	NA	65.3846153846154	156
NODE_86_length_152698_cov_42.879086	334.7692	21	53.6496876186983	152698
NODE_870_length_156_cov_3.862069	6.397	NA	33.3333333333333	156
NODE_871_length_156_cov_3.448276	2.256	NA	50.6410256410256	156
NODE_872_length_155_cov_34.678571	28.755	NA	31.6129032258065	155
NODE_873_length_155_cov_15.785714	37.923	NA	49.6774193548387	155
NODE_874_length_155_cov_8.785714	7.948	NA	52.258064516129	155
NODE_875_length_155_cov_5.750000	2.103	NA	47.741935483871	155
NODE_876_length_155_cov_5.285714	8.981	NA	49.0322580645161	155
NODE_877_length_154_cov_6.333333	1.221	NA	49.3506493506493	154
NODE_878_length_153_cov_2.269231	1.503	NA	52.9411764705882	153
NODE_879_length_152_cov_129.960000	55.211	NA	56.5789473684211	152
NODE_87_length_151676_cov_43.336446	338.2226	21	53.1099185105092	151676
NODE_880_length_152_cov_11.200000	14.388	NA	49.3421052631579	152
NODE_881_length_152_cov_3.960000	0	NA	60.5263157894737	152
NODE_882_length_151_cov_137.875000	36.384	NA	48.3443708609271	151
NODE_883_length_150_cov_12.347826	1.6	NA	44.6666666666667	150
NODE_884_length_150_cov_7.000000	4.093	NA	35.3333333333333	150
NODE_885_length_149_cov_172.863636	26.792	NA	39.5973154362416	149
NODE_886_length_149_cov_7.454545	3.631	NA	51.6778523489933	149
NODE_887_length_148_cov_8.476190	0	NA	44.5945945945946	148
NODE_888_length_147_cov_150.100000	137.769	NA	57.8231292517007	147
NODE_889_length_147_cov_57.550000	22.619	NA	54.421768707483	147
NODE_88_length_150721_cov_42.939161	337.658	21	53.3117481969998	150721
NODE_890_length_147_cov_26.900000	36.415	NA	68.7074829931973	147
NODE_891_length_147_cov_15.350000	11.816	NA	56.4625850340136	147
NODE_892_length_147_cov_8.300000	7.531	NA	53.0612244897959	147
NODE_893_length_147_cov_7.900000	2.585	NA	49.6598639455782	147
NODE_894_length_147_cov_7.600000	3.816	NA	39.4557823129252	147
NODE_895_length_147_cov_3.700000	3.796	NA	46.9387755102041	147
NODE_896_length_146_cov_9.210526	1.014	NA	46.5753424657534	146
NODE_897_length_146_cov_7.000000	1.356	NA	60.958904109589	146
NODE_898_length_145_cov_10.777778	1.517	NA	46.8965517241379	145
NODE_899_length_145_cov_10.777778	3.407	NA	74.4827586206897	145
NODE_89_length_149973_cov_42.858228	332.2695	21	52.5694625032506	149973
NODE_8_length_518799_cov_43.201646	339.013980392157	21	54.345709995586	518799
NODE_900_length_145_cov_8.444444	4.952	NA	62.0689655172414	145
NODE_901_length_145_cov_8.222222	1.614	NA	53.1034482758621	145
NODE_902_length_145_cov_7.833333	4.752	NA	27.5862068965517	145
NODE_903_length_145_cov_7.444444	5.214	NA	59.3103448275862	145
NODE_904_length_145_cov_6.222222	2.428	NA	64.1379310344828	145
NODE_905_length_145_cov_1.000000	2.028	NA	43.448275862069	145
NODE_906_length_144_cov_55.176471	14.889	NA	38.8888888888889	144
NODE_907_length_144_cov_21.705882	15.931	NA	44.4444444444444	144
NODE_908_length_144_cov_9.882353	4.5	NA	36.8055555555556	144
NODE_909_length_144_cov_9.470588	4.528	NA	66.6666666666667	144
NODE_90_length_148172_cov_43.191624	336.882071428571	21	52.9607483195206	148172
NODE_910_length_144_cov_8.823529	5.403	NA	38.8888888888889	144
NODE_911_length_142_cov_203.333333	82.232	NA	59.8591549295775	142
NODE_912_length_142_cov_15.666667	5.493	NA	51.4084507042254	142
NODE_913_length_142_cov_9.800000	1.31	NA	35.2112676056338	142
NODE_914_length_142_cov_4.533333	2.275	NA	42.9577464788732	142
NODE_915_length_142_cov_4.266667	16.69	NA	68.3098591549296	142
NODE_916_length_142_cov_4.133333	1.549	NA	50	142
NODE_917_length_141_cov_123.928571	16.305	NA	65.9574468085106	141
NODE_918_length_141_cov_6.357143	3.44	NA	54.6099290780142	141
NODE_919_length_140_cov_73.230769	7.007	NA	50	140
NODE_91_length_145764_cov_42.486319	334.6485	21	52.4354435937543	145764
NODE_920_length_140_cov_8.923077	6.414	NA	53.5714285714286	140
NODE_921_length_140_cov_8.846154	1.343	NA	82.1428571428571	140
NODE_922_length_140_cov_5.769231	2.9	NA	71.4285714285714	140
NODE_923_length_140_cov_5.615385	0	NA	51.4285714285714	140
NODE_924_length_140_cov_5.461538	4.143	NA	38.5714285714286	140
NODE_925_length_140_cov_1.615385	2.6	NA	53.5714285714286	140
NODE_926_length_139_cov_76.083333	22.36	NA	62.589928057554	139
NODE_927_length_139_cov_11.833333	1.468	NA	54.6762589928058	139
NODE_928_length_139_cov_9.250000	8.978	NA	63.3093525179856	139
NODE_929_length_139_cov_5.583333	3.928	NA	48.2014388489209	139
NODE_92_length_145296_cov_42.757400	334.656571428571	21	54.1178009029842	145296
NODE_930_length_139_cov_1.250000	1.065	NA	50.3597122302158	139
NODE_931_length_138_cov_177.727273	139.993	NA	59.4202898550725	138
NODE_932_length_138_cov_1.818182	0	NA	36.231884057971	138
NODE_933_length_138_cov_1.818182	1.304	NA	49.2753623188406	138
NODE_934_length_137_cov_54.300000	23.577	NA	51.0948905109489	137
NODE_935_length_137_cov_46.200000	20.409	NA	68.6131386861314	137
NODE_936_length_137_cov_35.700000	8.321	NA	55.4744525547445	137
NODE_937_length_137_cov_20.300000	8.204	NA	53.2846715328467	137
NODE_938_length_137_cov_19.100000	0.365	NA	54.7445255474453	137
NODE_939_length_137_cov_6.700000	6.657	NA	29.1970802919708	137
NODE_93_length_142576_cov_42.719092	334.236714285714	21	52.5060318707216	142576
NODE_940_length_137_cov_5.300000	1.401	NA	50.3649635036496	137
NODE_941_length_137_cov_5.300000	0.693	NA	16.7883211678832	137
NODE_942_length_137_cov_3.900000	0	NA	56.2043795620438	137
NODE_943_length_136_cov_162.555556	8.176	NA	41.9117647058824	136
NODE_944_length_136_cov_15.444444	1.985	NA	47.0588235294118	136
NODE_945_length_136_cov_10.555556	0	NA	63.9705882352941	136
NODE_946_length_136_cov_8.444444	1.309	NA	37.5	136
NODE_947_length_136_cov_7.333333	3.162	NA	50	136
NODE_948_length_136_cov_7.111111	0	NA	66.9117647058823	136
NODE_949_length_135_cov_35.125000	7.452	NA	45.9259259259259	135
NODE_94_length_141244_cov_42.806636	334.954928571429	21	54.5021381439212	141244
NODE_950_length_135_cov_19.000000	7.289	NA	49.6296296296296	135
NODE_951_length_135_cov_15.000000	6.548	NA	45.9259259259259	135
NODE_952_length_135_cov_14.250000	0	NA	46.6666666666667	135
NODE_953_length_135_cov_10.625000	5.289	NA	58.5185185185185	135
NODE_954_length_135_cov_9.125000	5.733	NA	50.3703703703704	135
NODE_955_length_135_cov_8.875000	1.852	NA	40.7407407407407	135
NODE_956_length_135_cov_8.875000	1.926	NA	42.2222222222222	135
NODE_957_length_135_cov_7.250000	2.8	NA	59.2592592592593	135
NODE_958_length_135_cov_5.000000	4.148	NA	51.8518518518519	135
NODE_959_length_135_cov_4.250000	0	NA	37.037037037037	135
NODE_95_length_140749_cov_43.289350	337.904928571429	21	53.4362588721767	140749
NODE_960_length_135_cov_1.875000	1.2	NA	38.5185185185185	135
NODE_961_length_134_cov_25.000000	12.075	NA	62.6865671641791	134
NODE_962_length_134_cov_10.714286	1.985	NA	66.4179104477612	134
NODE_963_length_134_cov_8.285714	0	NA	52.9850746268657	134
NODE_964_length_134_cov_7.571429	0	NA	42.5373134328358	134
NODE_965_length_134_cov_6.857143	1.836	NA	38.8059701492537	134
NODE_966_length_134_cov_3.000000	0	NA	47.0149253731343	134
NODE_967_length_134_cov_1.714286	0.91	NA	35.8208955223881	134
NODE_968_length_133_cov_56.166667	29.429	NA	68.4210526315789	133
NODE_969_length_133_cov_23.500000	22.436	NA	69.9248120300752	133
NODE_96_length_139918_cov_42.869591	334.145307692308	21	54.2796495089981	139918
NODE_970_length_133_cov_14.666667	10.346	NA	42.8571428571429	133
NODE_971_length_133_cov_10.000000	0	NA	52.6315789473684	133
NODE_972_length_133_cov_8.333333	1.549	NA	37.593984962406	133
NODE_973_length_133_cov_6.000000	1.098	NA	30.0751879699248	133
NODE_974_length_132_cov_163.000000	13.545	NA	58.3333333333333	132
NODE_975_length_132_cov_33.200000	13.985	NA	58.3333333333333	132
NODE_976_length_132_cov_10.600000	1.318	NA	65.1515151515152	132
NODE_977_length_132_cov_9.200000	0	NA	37.8787878787879	132
NODE_978_length_132_cov_7.200000	1.939	NA	48.4848484848485	132
NODE_979_length_132_cov_6.800000	0	NA	59.8484848484849	132
NODE_97_length_138679_cov_42.777939	335.203230769231	21	51.6718464944224	138679
NODE_980_length_132_cov_5.000000	0.758	NA	53.030303030303	132
NODE_981_length_132_cov_4.800000	0.803	NA	59.0909090909091	132
NODE_982_length_132_cov_4.400000	2.53	NA	30.3030303030303	132
NODE_983_length_132_cov_1.800000	0	NA	43.9393939393939	132
NODE_984_length_131_cov_223.750000	31.878	NA	69.4656488549618	131
NODE_985_length_131_cov_196.250000	44.985	NA	65.6488549618321	131
NODE_986_length_131_cov_134.500000	60.168	NA	68.7022900763359	131
NODE_987_length_131_cov_121.000000	10.504	NA	45.0381679389313	131
NODE_988_length_131_cov_102.250000	2.733	NA	43.5114503816794	131
NODE_989_length_131_cov_55.250000	6.122	NA	56.4885496183206	131
NODE_98_length_138395_cov_42.640741	332.711692307692	21	53.6854655153727	138395
NODE_990_length_131_cov_20.000000	1.511	NA	58.0152671755725	131
NODE_991_length_131_cov_17.750000	4.092	NA	38.1679389312977	131
NODE_992_length_131_cov_13.500000	1.817	NA	60.3053435114504	131
NODE_993_length_131_cov_13.000000	0	NA	45.8015267175573	131
NODE_994_length_131_cov_10.500000	4.489	NA	56.4885496183206	131
NODE_995_length_131_cov_10.500000	0.962	NA	54.1984732824427	131
NODE_996_length_131_cov_10.500000	1.405	NA	50.381679389313	131
NODE_997_length_131_cov_10.000000	4.382	NA	51.1450381679389	131
NODE_998_length_131_cov_9.250000	1.962	NA	35.8778625954198	131
NODE_999_length_131_cov_8.500000	1.511	NA	50.381679389313	131
NODE_99_length_136714_cov_42.654513	335.376923076923	21	53.5841245227263	136714
NODE_9_length_509498_cov_43.089726	336.94908	21	53.0194426670958	509498
