FamilyID	Sporothrix_euskadiensis_VPRI43754<1>	Sporothrix_pseudoabietina_VPRI43531<2>	Sporothrix_variecibatus_CBS121961<3>	Sporothrix_protearum_CBS116654<4>	Sporothrix_humicola_CBS118129<5>	Sporothrix_pallida_CBS13156<6>	Sporothrix_mexicana_CBS120341<7>	Sporothrix_brasiliensis_5110<8>	Sporothrix_schenckii_1099<9>	Sporothrix_globosa_CBS120340<10>	Sporothrix_luriei_CBS93772<11>	Sporothrix_phasma_CBS119721<12>	Sporothrix_dimorphospora_CBS55374<13>	Sporothrix_inflata_CBS23968<14>	Sporothrix_bragantina_CBS47491<15>	Sporothrix_curviconia_CBS95973<16>	Sporothrix_thermara_CBS139747MAG<17>	Sporothrix_epigloea_CBS57363<18>	Sporothrix_epigloea_TF4163<19>	Sporothrix_epigloea_CBS119000<20>	Sporothrix_eucalyptigena_CBS139899<21>	Sporothrix_eucalyptigena_CBS140593<22>	Sporothrix_nigrograna_VPRI43755<23>	Ophiostoma_novoulmi_H327<24>	Ophiostoma_ips_VPRI43529<25>	Sporothrix_brunneoviolacea_CBS124561<26>	Ophiostoma_fasciatum_VPRI43845<27>	Sporothrix_insectorum_RCEF264<28>	Leptographium_lundbergii_CBS138716<29>	<30>	<31>	<32>	<33>	<34>	<35>	<36>	<37>	<38>	<39>	<40>	<41>	<42>	<43>	<44>	<45>	<46>	<47>	<48>	<49>	<50>	<51>	<52>	<53>	<54>	<55>	<56>	<57>
GH135	1	1	1	1	1	1	1	1	1	1	1	1	1	1	1	1	1	0	0	0	1	1	2	0	0	1	0	0	3	2	1	1	1	1	1	1	1	1	1	1	1	1	1	1	1	1	1	1	1	1	1	1	1	0	0	1	0
GT8	2	2	2	2	2	2	2	2	2	2	2	2	2	2	2	2	2	2	2	2	2	2	2	2	2	2	2	2	2	2	2	2	2	2	2	2	2	2	2	2	2	2	2	2	2	2	2	2	2	2	2	2	2	2	2	2	2
GH13_1	1	1	1	1	1	1	2	1	1	1	1	0	2	2	1	1	1	1	1	1	2	2	1	1	1	1	2	1	1	1	1	1	1	1	1	1	1	1	1	1	1	1	1	1	1	1	1	2	1	1	1	1	1	1	1	2	1
GH15	3	3	3	2	2	2	4	3	3	3	2	2	5	4	3	3	2	3	3	3	4	4	3	2	2	3	2	2	2	2	2	2	2	2	3	3	3	3	3	3	3	3	2	3	3	3	3	4	3	3	3	3	3	3	3	4	2
GH37	2	2	2	2	2	2	3	2	2	2	2	2	2	2	2	2	2	2	2	2	3	3	2	2	2	2	2	2	2	2	2	2	2	2	2	2	2	2	2	2	2	2	2	2	2	2	2	2	2	2	2	2	2	2	2	3	2
GH171	0	0	0	0	1	1	0	0	0	0	0	0	0	0	0	0	0	0	0	0	0	0	1	0	0	0	0	0	1	1	1	1	1	1	1	1	1	1	0	0	0	1	1	0	0	0	0	0	1	0	0	0	0	0	0	0	0
GH38	1	1	1	1	1	1	1	1	1	1	1	1	1	1	1	1	1	1	1	1	1	1	1	1	1	1	1	1	1	1	1	1	1	1	1	1	1	1	1	1	1	1	1	1	1	1	1	1	1	1	1	1	1	1	1	1	1
GH47	7	7	7	7	7	7	7	7	7	7	7	7	7	7	7	7	6	5	5	5	7	7	6	7	7	7	6	7	6	4	6	6	6	6	6	7	7	7	7	7	7	7	7	7	7	7	7	7	6	6	6	6	6	5	5	7	7
GH76	8	8	9	9	9	9	9	9	9	9	9	8	9	9	9	9	8	7	7	7	9	9	8	8	8	9	8	8	8	5	7	8	8	8	8	9	9	9	9	9	8	9	9	9	9	9	9	9	8	8	8	8	8	7	7	9	8
GH92	3	3	3	3	3	3	3	3	3	3	3	3	3	3	3	3	1	1	1	1	3	3	0	3	1	4	0	4	2	2	2	2	2	2	2	3	3	3	3	3	3	3	3	3	3	3	3	3	2	2	2	2	2	1	1	3	2
GH125	4	4	4	4	4	4	4	4	4	4	4	4	4	4	4	4	2	1	1	1	4	4	3	3	3	4	1	5	2	3	3	3	3	3	3	4	4	4	4	4	4	4	4	4	4	4	4	4	3	3	3	3	3	1	1	4	3
GT15	3	3	3	2	3	3	3	3	3	3	3	3	3	3	3	3	3	3	3	3	3	3	3	3	3	3	3	2	2	3	3	3	3	3	3	3	3	3	3	3	3	3	3	3	3	3	3	3	3	3	3	3	3	3	3	3	3
GT71	2	2	2	0	2	2	2	1	1	1	1	1	2	3	2	2	2	0	0	0	2	2	2	1	1	3	2	1	3	2	2	2	2	2	2	2	2	2	2	2	2	2	2	1	1	1	1	2	2	2	2	2	2	0	0	2	1
GH53	0	0	1	0	1	1	1	1	1	1	1	0	1	1	1	1	0	0	0	0	1	1	0	0	0	1	0	1	1	1	1	1	1	1	1	1	1	1	1	1	0	1	1	1	1	1	1	1	1	1	1	1	1	0	0	1	0
GH43_6	0	0	1	0	1	1	1	1	1	1	1	0	1	1	1	1	1	0	0	0	1	1	0	1	1	1	0	0	2	1	1	1	1	1	1	1	1	1	1	1	0	1	1	1	1	1	1	1	1	1	1	1	1	0	0	1	1
GH128	3	3	3	3	3	3	1	1	1	1	1	2	2	2	3	2	3	2	2	2	3	3	1	2	2	2	2	2	2	2	2	2	2	2	2	2	2	2	3	3	3	2	3	2	1	1	1	2	2	2	2	2	2	2	2	3	2
GH131	0	0	3	2	3	3	3	3	3	3	3	1	3	3	3	3	0	0	0	0	3	3	1	2	1	3	0	3	1	2	2	2	2	2	2	2	2	2	2	2	0	3	3	2	3	3	3	3	2	2	2	2	2	0	0	3	2
GH16_1	3	3	4	4	4	4	4	4	4	4	4	3	4	4	4	3	3	3	3	3	4	4	3	3	3	5	2	5	3	3	3	3	3	3	3	4	4	4	4	4	3	4	4	4	4	4	4	4	3	3	3	3	3	3	3	4	3
GH17	1	1	1	1	2	2	1	1	1	1	1	1	1	1	1	1	1	1	1	1	1	1	1	2	2	1	2	2	1	1	1	1	1	1	1	1	1	1	1	1	1	1	2	1	1	1	1	1	1	1	1	1	1	1	1	1	2
GH5_15	1	1	1	0	1	1	1	1	1	1	1	1	0	0	0	0	0	0	0	0	0	0	0	1	1	0	0	0	1	1	1	1	1	1	1	1	1	1	1	1	1	1	1	1	1	1	1	0	0	0	0	0	0	0	0	0	1
GH5_9	2	2	2	2	2	2	2	2	2	2	2	2	2	2	2	2	2	2	2	2	2	2	2	1	1	2	2	2	1	2	2	2	2	2	2	2	2	2	2	2	2	2	2	2	2	2	2	2	2	2	2	2	2	2	2	2	1
GH72	4	4	4	4	4	4	4	4	4	4	4	4	4	4	4	4	4	4	4	4	4	4	4	4	4	4	4	3	4	3	4	4	4	4	4	4	4	4	4	4	4	4	4	4	4	4	4	4	4	4	4	4	4	4	4	4	4
GH132	2	2	2	2	2	2	2	2	2	2	2	2	2	2	2	2	2	2	2	2	2	2	2	2	2	2	2	2	2	2	2	2	2	2	2	2	2	2	2	2	2	2	2	2	2	2	2	2	2	2	2	2	2	2	2	2	2
GH16_18	4	4	4	4	4	4	4	4	4	4	3	4	4	4	4	4	4	3	3	3	4	4	4	3	3	4	3	3	3	3	3	3	3	3	4	4	4	4	4	4	4	4	4	4	4	4	4	4	4	4	4	4	4	3	3	4	3
GH16_3	2	2	3	3	3	3	3	3	3	3	3	2	3	3	3	3	2	2	2	2	3	3	2	3	3	3	3	3	3	3	3	3	3	3	3	3	3	3	3	3	2	3	3	3	3	3	3	3	3	3	3	3	3	2	2	3	3
GH64	2	2	2	2	2	2	3	2	2	2	2	2	3	3	3	2	2	2	2	2	3	3	2	2	2	2	2	1	2	2	2	2	2	2	2	2	2	2	2	2	2	2	2	2	2	2	2	3	2	2	2	2	2	2	2	3	2
GH81	1	1	1	1	1	1	1	1	1	1	1	1	1	1	1	1	1	1	1	1	1	1	1	2	2	1	0	1	1	1	1	1	1	1	1	1	1	1	1	1	1	1	1	1	1	1	1	1	1	1	1	1	1	1	1	1	2
GH1	1	1	4	2	3	3	4	1	2	1	1	1	3	4	3	1	2	1	1	1	3	3	1	1	1	2	1	1	1	2	2	2	2	2	2	2	2	2	2	2	1	3	3	1	1	1	1	3	2	2	2	2	2	1	1	3	1
GH3	13	13	23	14	20	21	25	12	12	12	12	9	21	20	25	18	11	4	3	5	26	26	9	16	10	25	7	13	11	7	11	12	13	13	14	15	15	15	15	16	13	21	21	13	12	12	12	19	14	14	14	14	16	6	4	26	13
GH43_11	1	1	1	1	1	1	1	1	1	1	1	1	1	1	1	1	1	0	0	0	1	1	1	1	1	1	1	1	1	1	1	1	1	1	1	1	1	1	1	1	1	1	1	1	1	1	1	1	1	1	1	1	1	0	0	1	1
GH5_23	0	0	0	0	0	0	1	0	0	0	0	0	0	0	0	0	0	0	0	0	0	0	0	0	1	0	1	0	1	1	1	1	1	1	1	1	1	1	0	0	0	1	0	0	0	0	0	0	0	0	0	0	0	0	0	0	1
CBM52	1	1	1	1	1	1	1	1	1	1	1	1	1	1	1	1	1	1	1	1	1	1	1	1	1	1	0	0	1	1	1	1	1	1	1	1	1	1	1	1	1	1	1	1	1	1	1	1	1	1	1	1	1	1	1	1	1
CBM91	2	2	4	3	3	3	3	1	1	1	1	1	4	3	4	3	1	0	0	0	4	4	1	2	1	3	1	2	1	2	2	2	2	2	2	3	3	3	3	3	2	3	3	2	1	1	1	3	2	2	2	2	3	0	0	4	2
CBM20	3	3	3	2	2	2	6	3	3	3	2	1	7	4	3	3	2	3	3	2	5	5	3	3	2	3	2	1	1	2	2	2	2	2	3	3	3	3	3	3	3	3	2	3	3	3	3	4	3	3	3	3	3	3	3	5	2
GH12	3	3	2	2	3	3	3	2	2	2	2	2	3	3	2	2	2	1	1	1	2	2	2	1	1	1	2	1	4	2	2	2	2	2	2	2	2	2	2	2	3	3	3	2	2	2	2	3	2	2	2	2	2	1	1	2	1
GH5_5	3	3	5	4	5	5	5	5	5	5	4	4	5	5	5	5	2	1	1	1	5	6	4	3	2	4	0	2	2	3	3	3	3	3	3	4	4	4	4	4	3	5	5	4	5	5	5	5	3	3	3	3	4	1	1	5	3
GH7	1	1	5	2	6	6	6	5	5	5	5	2	6	6	6	4	0	0	0	0	5	5	0	2	0	6	0	6	2	3	3	3	3	3	3	4	4	4	3	3	1	6	6	4	5	5	5	6	3	3	3	3	4	0	0	5	2
GH18	10	10	13	10	14	15	16	15	14	13	12	7	12	19	17	14	10	5	4	4	18	18	8	11	5	19	6	12	7	6	9	10	10	10	11	12	12	12	11	11	10	15	15	12	13	13	14	14	11	11	11	11	12	5	5	18	9
GH20	1	1	2	1	2	2	1	1	1	1	1	1	1	2	2	2	1	1	1	1	2	2	1	1	1	2	1	2	1	1	1	1	1	1	1	1	1	1	1	1	1	1	2	1	1	1	1	1	1	1	1	1	2	1	1	2	1
GH5_12	1	1	1	1	1	1	1	1	1	1	1	1	1	1	1	1	1	1	1	1	1	1	1	1	1	1	1	1	1	1	1	1	1	1	1	1	1	1	1	1	1	1	1	1	1	1	1	1	1	1	1	1	1	1	1	1	1
GT69	5	5	5	4	5	5	5	5	5	5	5	4	5	5	6	4	4	3	3	3	4	4	3	3	2	3	3	3	4	3	3	3	3	3	4	5	5	5	5	5	5	5	5	5	5	5	5	5	4	4	4	4	4	3	3	4	3
GT90	4	4	5	3	5	5	5	5	5	5	5	4	5	5	5	4	4	3	3	3	5	5	3	4	5	4	3	5	5	4	4	4	4	4	4	4	4	4	4	4	4	5	5	4	5	5	5	5	4	4	4	4	4	3	3	5	4
AA7	4	6	9	3	10	10	10	8	7	8	7	3	11	9	13	11	3	0	0	0	12	12	3	4	4	11	5	5	8	5	6	6	6	6	6	7	7	7	6	6	6	10	10	7	7	7	7	9	6	6	6	6	8	0	0	12	4
AA3_1	1	0	3	2	3	3	3	3	2	3	2	0	3	2	3	3	0	0	0	1	3	3	0	1	1	3	0	1	1	1	1	1	1	1	1	2	2	2	2	2	1	3	3	2	2	2	2	2	1	1	1	1	2	1	0	3	1
AA3_2	6	5	6	3	5	5	5	5	5	6	6	3	6	5	6	7	2	1	1	1	7	7	3	3	3	8	1	6	6	4	4	4	4	4	4	5	5	5	5	5	5	5	5	5	5	5	5	5	4	4	4	4	5	1	1	7	3
AA3	1	1	3	3	3	3	3	1	3	0	2	1	3	5	3	1	2	1	2	1	3	3	2	2	2	3	2	4	2	2	2	2	2	2	2	2	2	2	2	2	1	3	3	2	2	2	2	3	2	2	2	2	2	2	2	3	2
AA16	1	1	2	1	2	2	2	2	2	2	2	0	2	2	2	2	0	0	0	0	2	2	0	1	0	2	0	2	1	1	1	1	1	1	1	2	2	2	2	2	1	2	2	2	2	2	2	2	1	1	1	1	2	0	0	2	1
AA9	4	3	16	6	16	16	14	14	14	15	13	4	15	17	14	16	1	0	0	0	15	15	1	8	2	14	1	16	2	4	7	7	7	7	7	10	10	10	9	9	4	14	16	10	13	14	14	14	7	7	7	7	10	0	0	15	6
AA11	2	2	3	3	3	3	3	3	3	3	3	2	3	3	3	3	2	2	2	1	3	3	2	3	2	3	2	3	2	3	3	3	3	3	3	3	3	3	3	3	2	3	3	3	3	3	3	3	3	3	3	3	3	2	2	3	3
GH5_11	1	1	1	0	1	1	1	1	1	1	1	0	1	1	1	0	0	1	1	1	1	1	0	1	0	1	0	2	1	1	1	1	1	1	1	1	1	1	1	1	1	1	1	1	1	1	1	1	1	1	1	1	1	1	1	1	1
CE1	1	1	8	3	9	13	9	3	5	5	4	2	9	8	14	10	1	1	1	1	13	13	1	3	1	7	1	6	1	3	4	4	4	4	4	5	5	5	4	4	1	9	9	5	5	5	5	8	4	4	4	4	8	1	1	13	3
CE12	3	1	3	1	2	2	3	2	2	2	2	2	2	2	3	3	2	1	1	1	3	3	2	2	1	2	1	1	1	2	2	2	2	2	2	2	2	2	2	2	2	2	2	2	2	2	2	2	2	2	2	2	2	1	1	3	2
CE4	3	3	5	4	3	3	4	3	3	4	3	2	5	6	5	4	3	2	2	2	5	5	3	4	3	4	2	5	4	3	4	4	4	4	4	4	4	4	4	4	3	4	3	3	3	3	3	5	4	4	4	4	4	2	2	5	4
CE5	1	1	4	1	5	5	4	3	3	4	3	1	4	4	3	2	1	0	0	0	4	4	0	1	1	4	0	2	1	2	2	2	2	2	2	3	3	3	2	2	1	4	5	3	3	3	3	4	2	2	2	2	2	0	0	4	1
GH2	5	6	15	7	11	11	13	7	7	7	6	3	11	13	14	11	3	1	0	1	10	10	2	3	4	8	3	6	3	4	5	5	5	5	6	8	8	8	8	8	6	11	11	7	7	7	7	11	6	6	6	6	9	1	1	10	4
GH35	0	0	2	0	2	3	3	1	1	2	1	0	2	4	5	3	1	0	0	0	4	4	1	3	2	1	0	2	2	2	2	2	2	2	2	2	2	2	1	1	0	3	3	1	1	1	1	2	2	2	2	2	3	0	0	4	2
CE3	1	1	3	1	3	2	3	1	1	2	1	0	1	2	3	2	1	0	0	0	3	2	0	0	1	3	0	3	2	1	1	1	1	1	1	1	1	1	1	1	1	3	3	1	1	1	1	1	1	1	1	1	2	0	0	2	1
AA12	0	1	2	2	3	3	2	1	1	1	1	0	2	4	3	3	1	0	0	0	4	4	0	0	0	2	1	3	1	2	2	2	2	2	2	2	2	2	2	2	1	2	3	1	1	1	1	2	2	2	2	2	2	0	0	4	0
AA1_2	3	3	4	3	4	4	5	3	2	1	2	3	4	4	5	4	3	3	3	3	4	4	3	3	3	4	2	3	4	3	3	3	3	3	3	3	3	3	3	3	3	4	4	3	2	2	2	4	3	3	3	3	3	3	3	4	3
AA1	4	3	3	4	3	3	4	3	4	4	3	4	2	3	4	5	4	0	0	0	5	5	3	2	4	3	3	3	2	3	3	3	3	3	3	3	3	3	3	3	3	3	3	3	3	3	3	3	3	3	3	3	3	0	0	5	3
AA1_3	3	3	5	3	6	6	5	4	4	3	4	3	5	5	4	4	3	1	1	1	5	5	3	5	4	5	2	4	4	3	4	4	4	4	4	4	4	4	4	4	3	5	6	4	4	4	4	5	4	4	4	4	4	1	1	5	4
CE8	2	2	3	2	3	3	6	2	2	2	2	2	1	6	8	5	5	0	0	0	7	8	5	5	0	8	2	0	4	3	3	3	3	3	3	2	2	2	2	2	2	3	3	2	2	2	2	2	4	4	4	4	5	0	0	7	3
GH105	1	2	1	1	3	3	2	1	1	1	1	1	2	2	2	1	0	0	0	0	2	2	1	1	1	1	0	0	1	1	1	1	1	1	1	1	1	1	1	1	1	2	3	1	1	1	1	2	1	1	1	1	1	0	0	2	1
GH28	4	4	8	3	6	6	10	4	4	5	5	4	6	5	8	6	4	0	0	0	8	8	1	5	4	10	3	4	6	4	4	4	4	4	4	5	5	5	5	5	4	6	6	5	5	5	4	5	4	4	4	4	5	0	0	8	4
GH78	6	6	10	2	9	11	8	4	3	5	1	1	11	13	10	5	6	0	1	0	10	11	3	5	4	7	3	5	5	4	5	5	5	5	5	6	6	6	6	6	6	8	9	4	4	4	4	10	5	5	5	5	5	1	1	10	5
PL26	0	0	0	1	0	0	1	0	0	0	0	0	0	0	0	0	0	0	0	0	0	0	0	1	1	0	1	0	1	1	1	1	1	1	1	1	1	1	1	0	0	1	0	0	0	0	0	0	0	0	0	0	0	0	0	0	1
PL3_2	0	0	0	0	0	0	0	0	0	0	0	0	0	0	0	0	0	0	0	0	0	0	0	0	1	0	0	0	1	1	1	1	1	1	0	0	0	0	0	0	0	0	0	0	0	0	0	0	0	0	0	0	0	0	0	0	1
PL1_4	0	0	0	0	0	0	0	0	0	0	0	0	0	0	0	0	0	0	0	0	0	0	0	1	1	0	0	0	1	1	1	1	1	1	0	0	0	0	0	0	0	0	0	0	0	0	0	0	0	0	0	0	0	0	0	0	1
GH106	2	2	3	1	3	3	2	2	2	2	1	1	3	3	3	2	0	0	0	0	3	3	1	0	0	1	0	1	1	1	1	1	1	1	1	2	2	2	2	2	2	2	3	2	2	2	2	3	1	1	1	1	2	0	0	3	0
CE9	1	1	2	1	1	1	1	1	1	1	1	1	2	2	2	1	1	1	1	1	2	2	1	1	1	2	1	3	1	1	1	1	1	1	1	1	1	1	1	1	1	1	1	1	1	1	1	2	1	1	1	1	1	1	1	2	1
AA2	4	4	4	3	4	4	5	5	5	5	4	3	5	4	4	5	3	2	2	2	4	4	3	4	4	4	3	4	3	3	4	4	4	4	4	4	4	4	4	4	4	4	4	4	5	5	5	4	4	4	4	4	4	2	2	4	4
GH11	0	0	3	2	3	3	3	3	3	3	3	2	3	3	3	2	0	0	0	0	3	3	0	1	0	3	0	2	1	2	2	2	2	2	2	3	3	3	2	2	0	3	3	3	3	3	3	3	2	2	2	2	2	0	0	3	1
AA3_3	2	2	2	2	2	2	2	0	0	0	0	2	1	1	2	2	1	0	0	0	2	2	1	1	1	1	0	1	1	1	1	1	1	1	1	1	1	2	2	2	2	2	2	1	0	0	0	1	1	1	1	1	2	0	0	2	1
AA6	1	1	1	1	1	1	1	1	1	1	0	1	1	1	1	1	1	1	1	1	1	1	1	1	1	1	1	1	1	1	1	1	1	1	1	1	1	1	1	1	1	1	1	1	1	1	1	1	1	1	1	1	1	1	1	1	1
CBM21	1	1	1	1	1	1	1	1	1	1	1	1	1	1	2	1	1	1	1	1	1	1	1	1	1	1	1	2	1	1	1	1	1	1	1	1	1	1	1	1	1	1	1	1	1	1	1	1	1	1	1	1	1	1	1	1	1
GH13_25	1	1	1	1	1	1	1	1	1	1	1	1	1	1	1	1	1	1	1	1	1	1	1	1	1	1	1	1	1	1	1	1	1	1	1	1	1	1	1	1	1	1	1	1	1	1	1	1	1	1	1	1	1	1	1	1	1
GH13_40	1	1	2	1	4	4	3	2	3	2	1	1	3	3	3	4	1	1	1	1	4	4	1	1	1	2	1	2	2	2	2	2	2	2	2	2	2	2	2	2	1	3	4	2	2	2	2	3	2	2	2	2	3	1	1	4	1
GH13_8	1	1	1	1	1	1	1	1	1	1	1	1	1	1	1	1	1	1	1	1	1	1	1	1	1	1	1	1	1	1	1	1	1	1	1	1	1	1	1	1	1	1	1	1	1	1	1	1	1	1	1	1	1	1	1	1	1
GH16_4	2	2	2	2	2	2	1	1	1	1	1	1	1	1	2	2	2	1	1	1	2	2	1	2	1	1	1	1	1	1	1	1	1	1	1	1	1	1	2	2	2	1	2	1	1	1	1	1	1	2	2	2	2	1	1	2	1
GH177	2	1	2	1	2	3	2	1	2	2	0	0	2	2	2	1	1	0	0	0	5	5	0	2	0	0	0	2	1	1	1	1	1	1	1	2	2	2	2	2	2	2	2	2	2	2	2	2	1	1	1	1	1	0	0	5	1
GH31_1	2	2	2	2	2	2	2	2	2	2	2	2	2	2	2	2	2	2	2	2	2	2	2	2	2	2	2	2	1	2	2	2	2	2	2	2	2	2	2	2	2	2	2	2	2	2	2	2	2	2	2	2	2	2	2	2	2
GH51_2	0	0	0	0	0	0	0	0	0	0	0	0	0	0	1	0	0	0	0	0	0	0	0	1	0	0	0	0	1	1	1	1	1	1	1	0	0	0	0	0	0	0	0	0	0	0	0	0	1	1	1	1	1	0	0	0	1
GH55_2	5	5	7	5	8	10	7	6	5	8	5	2	7	8	9	7	5	2	3	2	8	7	4	4	3	9	4	6	1	3	5	5	5	5	5	6	6	6	6	6	5	7	8	6	6	6	6	7	5	5	5	5	6	3	3	7	4
GT1	4	4	5	4	5	5	5	5	5	6	5	4	5	5	6	6	4	4	4	4	5	5	4	4	4	7	3	4	4	3	4	4	4	4	5	5	5	5	5	5	4	5	5	5	5	5	5	5	5	5	5	5	5	4	4	5	4
GT2	15	15	14	13	15	15	14	14	12	14	14	13	14	14	15	16	14	14	13	14	15	15	15	16	12	12	14	12	16	8	12	13	13	13	14	14	14	14	14	14	15	15	15	14	14	14	14	14	14	14	14	14	14	14	14	15	14
GT20	3	3	3	3	3	3	3	3	3	3	2	3	3	3	3	3	3	3	3	3	3	3	3	3	3	3	3	3	3	3	3	3	3	3	3	3	3	3	3	3	3	3	3	3	3	3	3	3	3	3	3	3	3	3	3	3	3
GT21	1	1	1	1	1	1	1	1	1	1	1	1	1	1	1	1	1	1	1	1	1	1	1	1	1	1	1	0	1	1	1	1	1	1	1	1	1	1	1	1	1	1	1	1	1	1	1	1	1	1	1	1	1	1	1	1	1
GT22	4	4	4	4	4	4	4	4	4	4	4	4	4	4	4	4	4	4	4	4	4	4	4	4	4	4	4	3	3	3	4	4	4	4	4	4	4	4	4	4	4	4	4	4	4	4	4	4	4	4	4	4	4	4	4	4	4
GT24	1	1	1	1	1	1	1	1	1	1	1	1	1	1	1	1	1	1	1	1	1	1	1	1	1	1	1	1	1	1	1	1	1	1	1	1	1	1	1	1	1	1	1	1	1	1	1	1	1	1	1	1	1	1	1	1	1
GT3	1	1	1	1	1	1	1	1	1	1	1	1	1	1	1	1	1	1	1	1	1	1	1	1	1	1	1	1	1	1	1	1	1	1	1	1	1	1	1	1	1	1	1	1	1	1	1	1	1	1	1	1	1	1	1	1	1
GT32	4	4	4	4	4	4	4	3	3	4	4	4	3	3	4	4	4	4	4	4	4	4	4	2	2	4	2	3	2	3	3	3	3	3	4	4	4	4	4	4	4	4	4	4	4	4	3	3	4	4	4	4	4	4	4	4	2
GT33	1	1	1	1	1	1	1	1	1	1	1	1	1	1	1	1	1	1	1	1	1	1	1	1	1	1	1	1	1	1	1	1	1	1	1	1	1	1	1	1	1	1	1	1	1	1	1	1	1	1	1	1	1	1	1	1	1
GT35	1	1	1	1	1	1	1	1	1	1	1	1	1	1	1	1	1	1	1	1	1	1	1	1	1	1	1	1	1	1	1	1	1	1	1	1	1	1	1	1	1	1	1	1	1	1	1	1	1	1	1	1	1	1	1	1	1
GT39	3	3	3	3	3	3	3	3	3	3	3	3	3	3	3	3	3	3	3	3	3	3	3	3	3	3	3	3	3	3	3	3	3	3	3	3	3	3	3	3	3	3	3	3	3	3	3	3	3	3	3	3	3	3	3	3	3
GT4	5	5	5	2	5	5	5	5	5	5	5	5	5	5	5	5	5	5	5	5	5	5	4	5	5	5	5	5	5	4	5	5	5	5	5	5	5	5	5	5	5	5	5	5	5	5	5	5	5	5	5	5	5	5	5	5	5
GT48	1	1	1	1	1	1	1	1	1	1	1	1	1	1	1	1	1	1	1	1	1	1	1	1	1	1	1	1	1	1	1	1	1	1	1	1	1	1	1	1	1	1	1	1	1	1	1	1	1	1	1	1	1	1	1	1	1
GT57	3	3	3	3	3	3	3	3	3	3	3	3	3	3	3	3	3	3	3	3	3	3	3	3	3	3	3	2	3	3	3	3	3	3	3	3	3	3	3	3	3	3	3	3	3	3	3	3	3	3	3	3	3	3	3	3	3
GT58	1	1	1	1	1	1	1	1	1	1	1	1	1	1	1	1	1	1	1	1	1	1	1	1	1	1	1	1	1	1	1	1	1	1	1	1	1	1	1	1	1	1	1	1	1	1	1	1	1	1	1	1	1	1	1	1	1
GT59	1	1	1	1	1	1	1	1	1	1	1	1	1	1	1	1	1	1	1	1	1	1	1	1	1	1	1	1	1	1	1	1	1	1	1	1	1	1	1	1	1	1	1	1	1	1	1	1	1	1	1	1	1	1	1	1	1
GT66	1	1	1	1	1	1	1	1	1	1	1	1	1	1	1	1	1	1	1	1	1	1	1	1	1	1	1	1	1	1	1	1	1	1	1	1	1	1	1	1	1	1	1	1	1	1	1	1	1	1	1	1	1	1	1	1	1
CBM63	0	0	0	0	0	0	0	0	0	0	0	0	0	0	0	0	0	0	0	0	0	0	0	0	1	0	0	0	1	1	1	1	1	1	0	0	0	0	0	0	0	0	0	0	0	0	0	0	0	0	0	0	0	0	0	0	1
CBM67	4	5	7	0	6	6	7	2	2	3	0	0	7	10	8	3	4	0	0	0	7	8	2	2	2	4	2	3	2	3	3	3	3	3	4	4	4	4	4	5	5	6	6	2	2	2	2	7	4	4	4	4	4	0	0	7	2
GH31_2	0	0	1	1	1	1	1	1	1	1	1	1	1	1	1	1	1	0	0	0	2	2	0	1	0	1	0	0	1	1	1	1	1	1	1	1	1	1	1	1	0	1	1	1	1	1	1	1	1	1	1	1	1	0	0	2	1
GH51_1	1	2	2	1	2	2	2	1	1	1	1	0	2	2	2	3	2	0	0	0	3	3	1	1	1	1	0	0	1	1	1	1	1	1	2	2	2	2	2	2	2	2	2	1	1	1	1	2	2	2	2	2	2	0	0	3	1
GT34	3	3	3	3	3	3	3	3	3	3	3	3	3	3	3	3	3	3	3	3	3	3	3	3	3	3	3	3	3	3	3	3	3	3	3	3	3	3	3	3	3	3	3	3	3	3	3	3	3	3	3	3	3	3	3	3	3
GT50	1	1	1	1	1	1	1	1	1	1	1	1	1	1	1	1	1	1	1	1	1	1	1	1	1	1	1	1	1	1	1	1	1	1	1	1	1	1	1	1	1	1	1	1	1	1	1	1	1	1	1	1	1	1	1	1	1
GT62	3	3	3	2	3	3	3	3	3	3	3	3	3	3	3	3	3	3	3	3	3	3	3	3	3	3	3	3	3	3	3	3	3	3	3	3	3	3	3	3	3	3	3	3	3	3	3	3	3	3	3	3	3	3	3	3	3
AA4	5	5	5	2	4	5	6	3	3	3	3	1	5	5	8	6	0	1	1	0	8	7	4	4	1	3	1	3	1	2	3	3	3	3	4	4	4	4	4	5	5	5	5	3	3	3	3	5	4	4	4	4	5	1	1	7	3
GT76	1	1	1	1	1	1	1	1	1	1	1	1	1	1	1	1	1	1	1	1	1	1	1	1	1	1	1	1	1	1	1	1	1	1	1	1	1	1	1	1	1	1	1	1	1	1	1	1	1	1	1	1	1	1	1	1	1
GH45_2	0	0	0	0	0	0	0	0	0	0	0	0	0	0	0	0	0	0	0	0	0	0	1	0	0	0	1	0	1	1	1	1	1	1	1	0	0	0	0	0	0	0	0	0	0	0	0	0	1	0	0	0	0	0	0	0	0
