# blastp
# Iteration: 0
# Query: AUM86167.1 lytic polysaccharide monooxygenase [Trametes coccinea]
# RID: YKRFZRNT013
# Database: nr_cluster_seq
# Fields: query acc.ver, subject acc.ver, % identity, alignment length, mismatches, gap opens, q. start, q. end, s. start, s. end, evalue, bit score, % positives
# 1314 hits found
AUM86167.1	AUM86167.1	100.000	418	0	0	1	418	1	418	0.0	868	100.00
AUM86167.1	CDO76990.1	86.667	375	47	2	1	374	1	373	0.0	660	92.80
AUM86167.1	KAI0366278.1	78.226	372	66	2	1	372	1	357	0.0	582	85.22
AUM86167.1	5NO7_A	100.000	270	0	0	19	288	1	270	0.0	579	100.00
AUM86167.1	KAI8982711.1	78.226	372	73	2	1	372	1	364	0.0	572	86.02
AUM86167.1	KAI0329306.1	82.073	357	59	3	16	372	16	367	0.0	571	88.52
AUM86167.1	KAJ8496617.1	84.839	310	47	0	1	310	1	310	0.0	560	90.65
AUM86167.1	KAI0648926.1	75.067	373	72	3	1	372	1	353	0.0	560	82.84
AUM86167.1	XP_008039807.1	76.011	371	86	2	1	371	1	368	0.0	556	85.71
AUM86167.1	KAH9847540.1	72.751	378	92	3	1	372	1	373	0.0	553	83.86
AUM86167.1	KAI0833684.1	74.931	363	85	3	13	372	13	372	0.0	541	83.75
AUM86167.1	CDO76983.1	72.807	342	89	1	1	342	1	338	0.0	536	80.70
AUM86167.1	KAI0636238.1	77.247	356	77	3	19	372	19	372	0.0	525	84.83
AUM86167.1	KAI9066335.1	74.845	322	78	1	17	338	17	335	5.96e-179	521	83.23
AUM86167.1	KAJ3000431.1	68.994	358	88	2	1	338	1	355	7.60e-175	513	75.70
AUM86167.1	KAI0775035.1	70.695	331	90	1	1	331	1	324	1.52e-174	506	80.66
AUM86167.1	KAI0775016.1	71.348	356	96	3	19	371	19	371	2.30e-174	502	82.30
AUM86167.1	OSC99896.1	80.986	284	54	0	17	300	17	300	4.93e-174	510	88.03
AUM86167.1	KAH9902607.1	72.360	322	84	1	17	338	17	333	1.03e-171	503	81.37
AUM86167.1	KAI0329316.1	76.190	294	70	0	17	310	17	310	2.50e-170	501	86.05
AUM86167.1	KAI8982720.1	72.436	312	86	0	1	312	125	436	6.88e-170	504	83.01
AUM86167.1	EMD31282.1	72.555	317	84	1	1	314	1	317	2.15e-168	496	83.91
AUM86167.1	KAI0671907.1	69.027	339	102	2	1	339	1	336	2.65e-167	493	79.06
AUM86167.1	KAI0833674.1	76.431	297	67	1	17	313	17	310	3.82e-167	492	83.16
AUM86167.1	RDX43818.1	60.197	407	122	7	4	405	6	377	1.94e-166	482	72.24
AUM86167.1	KAI0663764.1	74.150	294	76	0	17	310	17	310	3.87e-166	491	84.35
AUM86167.1	KAI0648944.1	80.357	280	54	1	20	299	3	281	8.87e-166	478	86.07
AUM86167.1	VWO99732.1	73.510	302	78	1	1	300	1	302	1.47e-165	485	81.79
AUM86167.1	KAI0078821.1	63.889	360	125	3	5	360	4	362	1.45e-164	477	75.56
AUM86167.1	KAI0787987.1	73.927	303	74	3	4	301	7	309	2.00e-164	477	83.83
AUM86167.1	TBU33600.1	74.183	306	74	3	1	301	1	306	2.81e-164	476	82.03
AUM86167.1	OCH94830.1	72.575	299	82	0	1	299	1	299	4.10e-164	486	83.61
AUM86167.1	KAH9847529.1	69.538	325	95	2	1	325	6	326	4.85e-164	474	79.38
AUM86167.1	KAI0749839.1	64.894	376	100	8	2	372	6	354	1.16e-163	474	74.20
AUM86167.1	KAI0366266.1	73.720	293	77	0	17	309	17	309	1.81e-163	481	83.62
AUM86167.1	KAI0775037.1	71.338	314	86	2	18	331	21	330	2.60e-163	472	81.21
AUM86167.1	TCD64057.1	68.580	331	95	3	11	341	16	337	4.89e-163	473	80.06
AUM86167.1	OSC99894.1	66.372	339	100	2	13	338	50	387	5.34e-163	474	76.40
AUM86167.1	OJT14345.1	75.261	287	71	0	21	307	105	391	1.76e-162	483	83.97
AUM86167.1	KAH9847531.1	72.910	299	78	1	17	315	17	312	1.95e-162	480	83.95
AUM86167.1	KAI0636096.1	72.131	305	82	1	17	321	17	318	2.00e-162	479	81.31
AUM86167.1	XP_008039347.1	73.154	298	76	2	17	314	17	310	2.67e-162	480	82.55
AUM86167.1	KAI0833672.1	77.224	281	63	1	18	298	23	302	3.45e-162	469	85.05
AUM86167.1	KAI0349734.1	73.379	293	78	0	17	309	17	309	4.43e-162	478	83.28
AUM86167.1	KAI0636093.1	67.160	338	107	3	18	353	21	356	8.25e-162	469	76.63
AUM86167.1	KAI0663766.1	68.807	327	98	3	2	325	5	330	1.17e-161	468	78.90
AUM86167.1	OBZ72041.1	66.000	350	108	3	1	350	32	370	1.64e-161	470	76.86
AUM86167.1	KAI0342939.1	66.272	338	105	3	1	337	5	334	2.48e-161	469	79.59
AUM86167.1	TBU33608.1	75.704	284	67	1	19	300	19	302	2.95e-161	477	84.15
AUM86167.1	KAI1797410.1	71.854	302	83	1	1	300	1	302	4.40e-161	476	80.46
AUM86167.1	KAI0703782.1	66.767	331	105	2	2	332	3	328	7.95e-161	466	79.15
AUM86167.1	OBZ72040.1	72.000	300	84	0	1	300	1	300	9.51e-161	484	83.33
AUM86167.1	KAI0349736.1	73.244	299	77	2	1	299	6	301	1.39e-160	467	81.94
AUM86167.1	XP_024335625.1	69.551	312	94	1	4	314	5	316	1.44e-160	468	80.77
AUM86167.1	KAI0709927.1	67.941	340	99	4	20	354	4	338	4.86e-160	464	75.88
AUM86167.1	KAI8982722.1	71.661	307	83	2	1	307	1	303	1.40e-159	464	80.46
AUM86167.1	RPD75106.1	61.421	394	113	7	19	407	21	380	1.94e-159	464	72.59
AUM86167.1	OJT14343.1	69.565	322	91	3	15	330	18	338	2.25e-159	462	77.64
AUM86167.1	CDO76981.1	75.177	282	69	1	18	299	22	302	3.62e-159	463	84.75
AUM86167.1	KAJ3555051.1	72.093	301	84	0	5	305	8	308	4.78e-159	483	81.73
AUM86167.1	KAI0792794.1	70.764	301	87	1	1	300	1	301	1.07e-158	468	82.72
AUM86167.1	PIL29828.1	74.126	286	72	1	17	300	17	302	2.62e-158	469	83.22
AUM86167.1	KAH8100774.1	64.470	349	118	3	5	353	14	356	2.72e-158	461	74.79
AUM86167.1	XP_027619462.1	69.799	298	90	0	4	301	5	302	1.44e-157	469	83.89
AUM86167.1	KAI0076161.1	68.868	318	90	3	4	312	5	322	1.44e-157	468	79.87
AUM86167.1	KAI0648942.1	71.753	308	86	1	1	308	1	307	2.21e-157	468	82.14
AUM86167.1	KAH9948720.1	70.957	303	85	2	1	300	1	303	1.21e-156	463	83.17
AUM86167.1	XP_040765321.1	68.269	312	98	1	4	314	5	316	1.62e-156	458	80.77
AUM86167.1	XP_027620905.1	64.306	353	120	3	1	351	1	349	1.83e-156	456	75.35
AUM86167.1	KAI0926237.1	67.628	312	101	0	1	312	1	312	1.88e-156	462	80.45
AUM86167.1	KAI0342938.1	67.385	325	100	2	15	336	18	339	2.52e-156	462	77.85
AUM86167.1	PCH42401.1	69.667	300	91	0	1	300	1	300	3.85e-156	457	82.33
AUM86167.1	THH29416.1	67.722	316	100	2	13	328	20	333	4.85e-156	456	80.38
AUM86167.1	KZT73200.1	68.182	308	97	1	5	312	8	314	6.88e-156	463	80.52
AUM86167.1	PIL29826.1	65.782	339	107	4	1	331	63	400	1.24e-155	456	76.40
AUM86167.1	KAH8100776.1	67.742	310	99	1	1	310	1	309	2.06e-154	453	80.32
AUM86167.1	KAI0709939.1	67.278	327	99	5	5	325	9	333	2.34e-154	451	77.68
AUM86167.1	KIP08019.1	64.939	328	113	2	6	332	7	333	4.74e-154	450	78.66
AUM86167.1	KAI0806134.1	73.239	284	75	1	18	301	20	302	1.27e-153	449	83.80
AUM86167.1	TFK91420.1	68.254	315	95	3	18	328	21	334	1.87e-153	449	79.05
AUM86167.1	XP_047780379.1	67.516	314	100	2	2	314	6	318	3.69e-153	450	78.66
AUM86167.1	RPD61042.1	69.836	305	85	4	1	301	6	307	4.03e-153	448	80.98
AUM86167.1	KAI0787978.1	68.051	313	95	2	1	308	1	313	6.59e-153	455	75.40
AUM86167.1	KAI0090273.1	68.896	299	92	1	3	301	5	302	7.29e-153	447	81.27
AUM86167.1	KAI0806135.1	67.081	322	97	3	1	315	1	320	1.62e-152	451	76.09
AUM86167.1	KZP23879.1	61.850	346	126	2	1	343	2	344	2.18e-152	446	74.57
AUM86167.1	KAI1797408.1	65.588	340	101	5	16	347	19	350	2.18e-152	445	75.29
AUM86167.1	KAI0090274.1	68.212	302	93	1	2	300	7	308	2.28e-152	451	78.81
AUM86167.1	KAF8896670.1	58.418	392	132	6	1	374	1	379	2.38e-152	446	69.13
AUM86167.1	XP_047888041.1	66.139	316	104	1	5	320	8	320	1.02e-151	446	77.85
AUM86167.1	KIP08026.1	67.192	317	98	3	1	311	2	318	1.40e-151	449	78.55
AUM86167.1	KIM84967.1	69.868	302	87	2	1	299	1	301	2.36e-151	444	80.13
AUM86167.1	KAI9566880.1	65.337	326	108	3	16	338	14	337	2.37e-151	444	77.61
AUM86167.1	GJE85547.1	69.863	292	85	1	9	297	11	302	2.23e-150	446	79.79
AUM86167.1	KZT29895.1	67.532	308	93	2	1	308	9	309	3.55e-150	446	78.57
AUM86167.1	THH19240.1	63.975	322	92	2	1	299	1	321	3.91e-150	445	74.53
AUM86167.1	EPT05587.1	68.493	292	92	0	5	296	5	296	4.22e-150	437	81.51
AUM86167.1	KAJ3480565.1	72.043	279	78	0	27	305	1	279	5.60e-150	442	82.80
AUM86167.1	THU83384.1	66.452	310	99	3	22	328	26	333	1.01e-149	444	78.71
AUM86167.1	PPQ95450.1	63.265	343	118	4	1	340	2	339	1.14e-149	439	76.09
AUM86167.1	TFK50100.1	65.506	316	102	3	22	337	24	332	1.39e-149	442	79.75
AUM86167.1	XP_007867564.1	71.479	284	80	1	27	310	1	283	1.65e-149	435	82.04
AUM86167.1	KAI0787974.1	71.280	289	77	3	18	301	21	308	2.03e-149	438	82.35
AUM86167.1	KAF7796025.1	72.628	274	75	0	27	300	1	274	2.51e-149	441	83.94
AUM86167.1	TFK35612.1	58.659	358	133	5	1	353	1	348	3.63e-149	438	74.30
AUM86167.1	KAI0775034.1	64.815	324	110	3	18	338	18	340	4.40e-149	442	78.70
AUM86167.1	RPD61040.1	65.916	311	95	3	1	300	1	311	5.04e-149	446	76.53
AUM86167.1	KAA1467126.1	66.107	298	101	0	1	298	1	298	6.54e-149	443	80.20
AUM86167.1	KAH7884632.1	75.000	264	65	1	18	280	20	283	9.50e-149	434	84.85
AUM86167.1	KAF8553904.1	67.550	302	89	3	1	299	7	302	1.18e-148	437	80.46
AUM86167.1	KAI0734149.1	64.557	316	109	1	5	320	8	320	1.39e-148	438	77.53
AUM86167.1	KAI0792777.1	73.455	275	72	1	27	301	1	274	3.39e-148	434	83.27
AUM86167.1	KAH7925687.1	67.568	296	95	1	4	299	5	299	3.86e-148	436	80.07
AUM86167.1	KAI1797418.1	68.608	309	89	4	1	301	1	309	5.73e-148	439	77.99
AUM86167.1	KII89650.1	58.505	388	143	5	1	380	3	380	6.04e-148	436	70.10
AUM86167.1	KAI0322552.1	67.450	298	96	1	1	298	1	297	6.19e-148	440	77.85
AUM86167.1	KAH7904207.1	71.429	280	79	1	16	295	17	295	1.48e-147	436	80.36
AUM86167.1	XP_007393138.1	69.401	317	87	4	6	313	4	319	2.31e-147	434	79.18
AUM86167.1	KAI0059243.1	70.383	287	84	1	12	298	12	297	2.83e-147	439	79.44
AUM86167.1	KAI0703781.1	68.919	296	87	2	22	312	1	296	4.29e-147	437	79.73
AUM86167.1	RDX43827.1	66.129	310	95	3	1	300	1	310	4.51e-147	441	75.16
AUM86167.1	THH29437.1	67.577	293	93	1	5	295	4	296	5.55e-147	431	79.52
AUM86167.1	XP_041180079.1	70.629	286	80	3	4	286	9	293	5.77e-147	430	78.67
AUM86167.1	KAJ7650958.1	68.404	307	87	4	1	301	6	308	5.82e-147	430	75.90
AUM86167.1	XP_007318871.1	61.449	345	122	3	1	342	1	337	6.02e-147	432	74.20
AUM86167.1	VDB86651.1	63.609	338	103	3	16	334	18	354	6.49e-147	437	72.49
AUM86167.1	KIM57407.1	58.021	374	150	3	1	371	2	371	7.29e-147	432	69.25
AUM86167.1	XP_007362490.1	64.327	342	112	5	4	336	7	347	8.89e-147	431	74.85
AUM86167.1	KIK03019.1	60.773	362	115	7	2	360	7	344	8.93e-147	432	73.76
AUM86167.1	KAF8841240.1	69.863	292	82	3	4	289	2	293	9.34e-147	429	78.77
AUM86167.1	TFY61724.1	64.901	302	106	0	1	302	1	302	9.81e-147	438	78.81
AUM86167.1	KAF9238557.1	64.244	344	116	4	2	339	3	345	1.29e-146	432	73.26
AUM86167.1	KAF9048809.1	58.889	360	131	4	1	347	1	356	1.29e-146	433	72.78
AUM86167.1	KAI0051570.1	64.907	322	108	3	2	319	5	325	1.53e-146	436	74.84
AUM86167.1	KAG0708221.1	71.631	282	76	3	4	282	9	289	1.68e-146	429	79.79
AUM86167.1	KAF8150946.1	65.147	307	103	2	1	307	1	303	3.03e-146	431	78.83
AUM86167.1	KAF7977165.1	68.792	298	88	2	6	298	20	317	9.87e-146	430	78.19
AUM86167.1	KZV68185.1	57.609	368	143	2	1	356	1	367	1.11e-145	430	67.93
AUM86167.1	KAI0749618.1	68.051	313	73	5	16	302	17	328	1.87e-145	429	77.00
AUM86167.1	KIM39331.1	60.299	335	125	4	4	335	5	334	1.96e-145	428	75.82
AUM86167.1	KAF9471916.1	63.580	324	110	4	1	321	2	320	2.00e-145	429	75.62
AUM86167.1	XP_007388810.1	69.686	287	84	1	27	310	1	287	2.22e-145	434	81.18
AUM86167.1	KAH0833490.1	65.815	313	100	4	16	323	16	326	2.22e-145	429	78.91
AUM86167.1	KAI0709937.1	67.657	303	95	2	1	300	1	303	3.52e-145	436	77.56
AUM86167.1	KIJ62866.1	66.343	309	97	3	13	318	16	320	3.68e-145	429	75.40
AUM86167.1	XP_037224121.1	66.990	309	94	4	2	306	7	311	8.49e-145	425	77.02
AUM86167.1	KAF8839535.1	55.025	398	154	5	1	393	1	378	8.55e-145	427	65.83
AUM86167.1	XP_047883197.1	67.434	304	92	2	20	316	3	306	8.67e-145	424	77.63
AUM86167.1	KIK94802.1	67.105	304	95	3	1	300	1	303	1.77e-144	427	76.64
AUM86167.1	KAF8960047.1	64.465	318	107	4	1	314	1	316	2.08e-144	426	77.04
AUM86167.1	KAF9790380.1	66.892	296	97	1	17	312	18	312	2.62e-144	428	78.38
AUM86167.1	KAF5341365.1	68.896	299	83	3	3	292	6	303	3.08e-144	424	79.26
AUM86167.1	KAG1872112.1	68.641	287	87	2	4	287	59	345	3.62e-144	425	78.40
AUM86167.1	XP_047883199.1	67.987	303	92	4	27	326	1	301	3.91e-144	424	77.89
AUM86167.1	XP_009545122.1	70.863	278	80	1	27	304	1	277	7.60e-144	421	79.50
AUM86167.1	VDB86654.1	64.706	306	107	1	1	306	1	305	7.71e-144	425	74.51
AUM86167.1	KDR78641.1	61.515	330	122	3	1	327	1	328	7.80e-144	424	74.55
AUM86167.1	KAF8442202.1	64.821	307	103	3	1	303	1	306	8.09e-144	424	77.52
AUM86167.1	KAJ7163891.1	66.447	304	95	4	1	301	7	306	1.74e-143	421	76.32
AUM86167.1	XP_047883450.1	64.000	325	100	4	1	319	3	316	2.16e-143	423	72.92
AUM86167.1	KAI0322548.1	65.232	302	104	1	1	302	1	301	3.06e-143	424	75.50
AUM86167.1	KAJ7895088.1	66.885	305	93	4	1	301	7	307	4.50e-143	421	76.72
AUM86167.1	TCD64054.1	66.452	310	94	5	1	301	1	309	8.07e-143	429	78.39
AUM86167.1	PPQ83501.1	62.776	317	110	4	1	314	1	312	1.08e-142	422	76.34
AUM86167.1	KAJ7470766.1	67.320	306	91	5	6	306	11	312	1.16e-142	419	77.12
AUM86167.1	KAF5375958.1	57.181	376	145	8	1	371	3	367	1.55e-142	421	70.21
AUM86167.1	KAJ7082880.1	64.557	316	103	5	1	311	7	318	2.09e-142	421	76.27
AUM86167.1	KIJ66712.1	70.632	269	78	1	15	282	5	273	2.24e-142	417	82.16
AUM86167.1	CAK5269248.1	66.776	304	93	4	8	307	14	313	2.64e-142	419	76.32
AUM86167.1	XP_007301417.1	67.944	287	91	1	13	298	15	301	2.64e-142	426	77.35
AUM86167.1	KAF9648927.1	69.751	281	84	1	18	298	20	299	2.81e-142	421	80.07
AUM86167.1	KAF7317154.1	67.442	301	90	4	4	301	9	304	2.96e-142	419	77.08
AUM86167.1	KAF8872926.1	61.442	319	116	3	1	316	1	315	3.25e-142	421	76.49
AUM86167.1	KAF9223310.1	66.007	303	99	2	13	312	16	317	6.25e-142	421	75.25
AUM86167.1	PIL29836.1	68.852	305	90	2	1	300	1	305	9.16e-142	424	77.05
AUM86167.1	XP_007318869.1	69.963	273	81	1	9	280	13	285	9.90e-142	415	80.22
AUM86167.1	KAG2123946.1	71.269	268	74	2	18	282	22	289	1.31e-141	416	81.72
AUM86167.1	TFK73268.1	60.282	355	127	4	9	353	14	364	1.65e-141	418	71.55
AUM86167.1	KAJ6580574.1	69.176	279	82	2	21	296	19	296	2.42e-141	416	80.65
AUM86167.1	RDB17711.1	64.333	300	102	3	1	296	1	299	3.09e-141	419	77.67
AUM86167.1	TDL17933.1	63.438	320	107	2	1	320	1	310	3.51e-141	415	73.75
AUM86167.1	KAF8824757.1	55.291	378	163	4	4	380	6	378	3.61e-141	418	67.46
AUM86167.1	XP_001885228.1	67.119	295	90	3	13	304	15	305	3.69e-141	417	78.98
AUM86167.1	KAF8813448.1	65.552	299	96	3	8	303	9	303	4.47e-141	418	78.93
AUM86167.1	KAJ7116550.1	66.894	293	90	3	12	301	18	306	5.65e-141	415	78.16
AUM86167.1	KJA20550.1	65.870	293	96	2	1	290	1	292	7.29e-141	418	79.18
AUM86167.1	PPQ63558.1	54.293	396	155	4	1	378	1	388	1.87e-140	417	67.68
AUM86167.1	GAW02271.1	56.676	367	153	4	4	369	6	367	2.89e-140	419	68.39
AUM86167.1	KAI0694646.1	68.027	294	75	4	17	300	17	301	3.51e-140	422	76.87
AUM86167.1	KAJ7510539.1	65.246	305	98	4	1	301	7	307	3.94e-140	413	75.41
AUM86167.1	KZV68182.1	68.662	284	88	1	16	299	18	300	4.93e-140	419	76.41
AUM86167.1	KAF8344731.1	60.241	332	124	4	16	344	16	342	5.13e-140	415	74.10
AUM86167.1	KAJ7672237.1	65.894	302	95	4	4	301	9	306	1.05e-139	412	76.16
AUM86167.1	XP_046082183.1	64.038	317	109	3	21	336	1	313	1.36e-139	412	74.13
AUM86167.1	TFK46098.1	65.263	285	99	0	5	289	12	296	1.90e-139	412	76.84
AUM86167.1	XP_047749454.1	58.621	348	118	4	1	327	1	343	2.35e-139	413	70.69
AUM86167.1	KAJ7056729.1	64.423	312	100	5	2	307	7	313	2.82e-139	411	75.00
AUM86167.1	KAG8212930.1	64.784	301	97	3	1	298	26	320	6.49e-139	413	76.08
AUM86167.1	KAF9790725.1	65.677	303	96	4	2	302	5	301	6.49e-139	410	78.22
AUM86167.1	VWO99737.1	64.557	316	84	4	1	288	1	316	8.33e-139	412	73.42
AUM86167.1	PSR74247.1	70.833	264	77	0	50	313	1	264	1.00e-138	414	82.58
AUM86167.1	CAA7267535.1	58.671	346	132	4	1	336	1	345	1.33e-138	411	72.83
AUM86167.1	KAF9072642.1	66.894	293	93	2	21	313	2	290	1.61e-138	408	76.45
AUM86167.1	KAF8912293.1	65.763	295	97	2	1	292	1	294	1.80e-138	409	76.95
AUM86167.1	KAF7330207.1	62.310	329	90	5	1	301	65	387	4.81e-138	410	71.12
AUM86167.1	KAK2467259.1	55.840	351	148	3	2	349	6	352	5.61e-138	410	71.23
AUM86167.1	KAF8181293.1	66.084	286	94	1	1	283	1	286	6.19e-138	406	77.27
AUM86167.1	KAJ4480214.1	64.310	297	105	1	16	312	17	312	6.41e-138	407	75.08
AUM86167.1	PFH47251.1	64.548	299	102	2	1	296	11	308	1.99e-137	408	75.59
AUM86167.1	KAE9392064.1	57.345	354	135	4	27	380	1	338	2.49e-137	407	68.36
AUM86167.1	KAJ3864028.1	58.621	348	128	4	27	373	1	333	3.07e-137	407	69.25
AUM86167.1	TEB39952.1	66.782	289	89	3	16	301	20	304	3.40e-137	408	80.28
AUM86167.1	TFK98191.1	64.570	302	100	3	21	319	3	300	1.50e-136	403	77.81
AUM86167.1	XP_007867180.1	69.582	263	80	0	21	283	1	263	3.11e-136	400	80.99
AUM86167.1	KAI1797154.1	51.948	385	164	6	2	370	5	384	3.30e-136	407	66.23
AUM86167.1	KAI0034574.1	68.705	278	86	1	21	298	1	277	5.67e-136	400	75.90
AUM86167.1	KAJ3795534.1	64.120	301	104	2	16	316	17	313	5.79e-136	403	74.09
AUM86167.1	KAF8726126.1	56.780	354	138	6	1	343	2	351	6.07e-136	405	71.75
AUM86167.1	KAF9647895.1	66.553	293	96	2	11	302	19	310	7.14e-136	403	77.47
AUM86167.1	RXW25490.1	58.221	371	139	8	5	369	10	370	1.14e-135	410	72.51
AUM86167.1	KAI0071994.1	66.547	278	92	1	3	279	5	282	1.16e-135	405	77.34
AUM86167.1	KAE9392068.1	59.938	322	125	2	27	348	1	318	1.50e-135	402	70.81
AUM86167.1	KDQ59091.1	64.384	292	101	2	6	297	8	296	1.51e-135	401	75.68
AUM86167.1	KAJ6549463.1	68.592	277	81	3	27	301	1	273	3.83e-135	399	79.42
AUM86167.1	KAH7884798.1	65.461	304	85	3	15	299	15	317	7.03e-135	402	74.34
AUM86167.1	CDO75550.1	57.988	338	137	4	2	335	5	341	7.12e-135	404	70.41
AUM86167.1	KAI0034577.1	63.636	308	102	3	6	310	2	302	7.37e-135	399	71.75
AUM86167.1	KAJ3730937.1	63.787	301	105	2	16	316	17	313	9.90e-135	402	73.75
AUM86167.1	KAG9316126.1	66.667	282	90	2	21	299	20	300	1.86e-134	402	76.60
AUM86167.1	XP_041158511.1	66.551	287	89	3	4	287	8	290	3.09e-134	397	75.61
AUM86167.1	PIL35611.1	57.846	325	119	4	2	325	5	312	3.75e-134	401	72.00
AUM86167.1	KAI0749827.1	65.398	289	95	3	17	300	17	305	4.41e-134	406	76.82
AUM86167.1	KAF9460320.1	56.140	342	144	4	1	339	1	339	4.79e-134	400	73.68
AUM86167.1	KZT20429.1	64.828	290	101	1	27	315	1	290	4.97e-134	396	75.86
AUM86167.1	TFY52325.1	71.875	256	72	0	27	282	1	256	6.02e-134	403	82.81
AUM86167.1	KAJ4463199.1	69.776	268	80	1	24	291	1	267	8.50e-134	394	79.10
AUM86167.1	XP_007765609.1	64.527	296	98	3	9	298	10	304	1.61e-133	400	76.35
AUM86167.1	KAI0649146.1	59.627	322	126	3	2	320	5	325	2.16e-133	400	69.88
AUM86167.1	KII89670.1	68.284	268	84	1	14	280	16	283	3.19e-133	395	77.99
AUM86167.1	KAF9522148.1	63.000	300	100	3	16	305	16	314	3.29e-133	397	76.67
AUM86167.1	KAJ7881043.1	62.783	309	97	4	8	314	12	304	3.56e-133	395	73.14
AUM86167.1	KAI0295903.1	63.175	315	91	3	9	319	6	299	6.70e-133	398	71.43
AUM86167.1	KAK0493907.1	67.616	281	87	2	15	292	19	298	8.21e-133	404	78.65
AUM86167.1	PBK67694.1	64.948	291	97	3	5	292	9	297	2.15e-132	393	76.98
AUM86167.1	KAI5117029.1	56.839	329	140	2	2	329	5	332	2.34e-132	398	71.73
AUM86167.1	KAF8622851.1	57.567	337	122	5	27	349	1	330	2.42e-132	395	71.51
AUM86167.1	KDQ15932.1	63.441	279	101	1	4	282	3	280	5.05e-132	396	77.42
AUM86167.1	KAF5364158.1	58.769	325	116	4	4	326	6	314	1.36e-131	392	72.62
AUM86167.1	SJK99683.1	65.292	291	97	2	5	292	9	298	1.99e-131	400	76.98
AUM86167.1	KAJ7671480.1	68.231	277	82	3	27	301	1	273	2.64e-131	389	77.62
AUM86167.1	KIY68736.1	62.667	300	107	3	1	296	1	299	2.99e-131	392	75.00
AUM86167.1	KAI4517777.1	54.420	362	151	6	1	351	4	362	6.52e-131	395	69.06
AUM86167.1	KAI8980162.1	62.633	281	103	2	2	281	5	284	6.62e-131	395	74.73
AUM86167.1	KAF5327621.1	60.667	300	113	2	1	296	1	299	6.97e-131	393	75.33
AUM86167.1	KAI0787686.1	55.202	346	145	6	2	339	5	348	9.06e-131	392	68.50
AUM86167.1	AUM86166.1	64.769	281	97	2	2	281	5	284	1.14e-130	392	74.02
AUM86167.1	KAI0926218.1	66.541	266	88	1	19	283	21	286	1.28e-130	394	78.95
AUM86167.1	KAI9060680.1	57.692	338	134	5	17	350	20	352	1.56e-130	392	69.82
AUM86167.1	EMD34047.1	57.468	308	130	1	4	310	6	313	1.74e-130	392	71.10
AUM86167.1	KAH9850354.1	63.830	282	100	2	1	281	4	284	3.39e-130	390	75.53
AUM86167.1	KAF9007501.1	64.085	284	98	2	16	296	16	298	6.85e-130	389	78.17
AUM86167.1	TRM67874.1	58.282	326	125	5	1	322	8	326	1.45e-129	393	72.09
AUM86167.1	KAI0833448.1	57.716	324	133	3	3	325	6	326	2.21e-129	389	70.06
AUM86167.1	KAJ2924869.1	63.344	311	107	3	13	320	594	900	3.31e-129	408	76.85
AUM86167.1	KAI0327799.1	56.250	336	120	4	2	335	5	315	4.30e-129	389	67.86
AUM86167.1	KAH9902992.1	58.730	315	104	3	19	332	23	312	7.79e-129	387	70.48
AUM86167.1	TBU26201.1	62.057	282	104	3	1	281	4	283	1.55e-128	386	77.30
AUM86167.1	KAJ3711352.1	60.883	317	111	4	6	313	8	320	1.79e-128	385	69.72
AUM86167.1	KAK0214006.1	66.788	274	87	2	22	292	6	278	1.92e-128	382	77.74
AUM86167.1	KAG8212936.1	58.104	327	93	5	13	299	1	323	2.40e-128	387	69.11
AUM86167.1	KAF7776349.1	56.119	335	134	4	2	325	8	340	3.94e-128	384	69.55
AUM86167.1	XP_007388801.1	61.429	280	106	1	4	281	5	284	4.85e-128	384	75.36
AUM86167.1	KAG6833342.1	57.018	342	139	6	27	364	1	338	7.13e-128	382	68.71
AUM86167.1	KAF8063324.1	57.143	329	132	3	1	321	1	328	1.21e-127	383	69.00
AUM86167.1	KAE9382986.1	69.758	248	75	0	27	274	1	248	1.34e-127	379	81.05
AUM86167.1	KAH0580539.1	65.357	280	90	5	27	302	1	277	1.97e-127	381	76.79
AUM86167.1	XP_008039133.1	61.404	285	105	3	1	281	1	284	2.23e-127	384	73.33
AUM86167.1	RPD60039.1	60.854	281	107	3	2	281	5	283	4.40e-127	382	75.09
AUM86167.1	KDQ11515.1	63.356	292	83	4	13	283	13	301	5.94e-127	380	72.60
AUM86167.1	KNZ78922.1	65.357	280	90	5	27	302	1	277	1.11e-126	378	76.79
AUM86167.1	KAG6839967.1	66.071	280	88	5	27	302	1	277	1.97e-126	377	76.43
AUM86167.1	KAJ3838340.1	65.035	286	90	3	16	292	18	302	2.07e-126	378	73.78
AUM86167.1	KAF6759800.1	55.493	355	140	7	4	352	9	351	2.28e-126	380	70.14
AUM86167.1	KAJ3766909.1	61.538	312	107	4	11	313	13	320	2.48e-126	383	69.87
AUM86167.1	KAI0749347.1	50.959	365	151	6	1	345	4	360	2.51e-126	380	64.93
AUM86167.1	KAJ3761609.1	59.813	321	114	5	4	313	6	322	3.04e-126	379	69.16
AUM86167.1	OCH95365.1	59.122	296	120	1	7	301	9	304	4.33e-126	381	72.30
AUM86167.1	OJT10915.1	61.754	285	104	3	1	281	1	284	5.56e-126	380	73.33
AUM86167.1	KAI0368587.1	65.900	261	87	2	22	281	26	285	1.69e-125	380	77.39
AUM86167.1	KAJ3019167.1	60.726	303	95	3	2	281	172	473	3.40e-125	386	69.31
AUM86167.1	KAF5353774.1	59.871	309	112	3	6	308	1	303	5.69e-125	378	71.20
AUM86167.1	KAF5393804.1	59.871	309	112	3	6	308	1	303	1.30e-124	382	71.52
AUM86167.1	RDX57331.1	59.431	281	111	3	2	281	5	283	1.74e-124	375	74.02
AUM86167.1	KAI0707394.1	61.348	282	105	4	2	281	5	284	4.31e-124	375	74.82
AUM86167.1	XP_007262604.1	54.573	328	146	3	1	327	1	326	6.72e-124	375	69.21
AUM86167.1	KAI0714260.1	60.142	281	109	3	2	281	5	283	1.06e-123	373	73.67
AUM86167.1	KAI0635898.1	53.936	343	147	6	22	358	25	362	1.28e-123	376	67.64
AUM86167.1	KDQ59092.1	56.287	334	121	4	4	337	8	316	1.41e-123	375	68.56
AUM86167.1	PCH42354.1	55.689	334	130	5	19	336	21	352	5.54e-123	371	68.56
AUM86167.1	TFK91418.1	66.920	263	77	3	1	253	1	263	7.71e-123	367	75.29
AUM86167.1	KAJ3826743.1	60.125	321	114	5	23	334	13	328	8.18e-123	372	68.54
AUM86167.1	KAI0671704.1	63.251	283	100	3	2	281	5	286	1.67e-122	374	73.85
AUM86167.1	XP_007306950.1	60.215	279	104	3	4	279	7	281	3.77e-122	373	72.76
AUM86167.1	XP_012181508.1	53.977	352	129	4	1	342	2	330	1.45e-121	368	66.19
AUM86167.1	XP_012183613.1	55.937	320	134	4	2	316	5	322	1.83e-121	366	68.12
AUM86167.1	KAF9550173.1	65.267	262	86	2	27	283	1	262	4.07e-121	366	78.24
AUM86167.1	KAI0359907.1	63.846	260	92	2	23	281	26	284	4.98e-121	368	76.92
AUM86167.1	KAF8057592.1	59.596	297	99	4	1	292	1	281	2.26e-120	364	71.72
AUM86167.1	KAF7327407.1	60.201	299	96	4	6	301	9	287	2.67e-120	362	70.90
AUM86167.1	KAF9450455.1	57.962	314	127	5	27	338	1	311	2.71e-120	364	71.02
AUM86167.1	PAV16729.1	57.092	282	121	0	1	282	8	289	1.07e-119	367	73.05
AUM86167.1	KAG6369337.1	50.279	358	138	6	1	354	1	322	4.89e-119	360	64.53
AUM86167.1	XP_027619473.1	60.284	282	110	2	3	283	6	286	9.85e-119	363	73.05
AUM86167.1	KAF9815808.1	61.278	266	101	2	19	283	21	285	1.78e-118	358	74.44
AUM86167.1	EPT05591.1	52.819	337	152	5	19	350	23	357	2.21e-118	362	67.06
AUM86167.1	KAG5645302.1	56.748	326	128	6	14	330	16	337	3.16e-118	359	67.18
AUM86167.1	KAJ3576246.1	54.734	338	135	5	27	358	1	326	3.36e-118	357	67.75
AUM86167.1	KAH8100765.1	57.597	283	119	1	6	287	7	289	7.47e-118	360	73.85
AUM86167.1	PFH51108.1	59.233	287	111	4	4	285	6	291	1.39e-117	355	71.43
AUM86167.1	KAF8150927.1	54.341	311	134	4	18	321	24	333	3.77e-117	355	69.77
AUM86167.1	KAH9948617.1	59.717	283	113	1	2	283	5	287	4.18e-117	358	72.79
AUM86167.1	KAI0059260.1	54.381	331	132	7	1	326	1	317	8.62e-117	354	66.16
AUM86167.1	THH29424.1	57.244	283	120	1	6	287	10	292	1.60e-116	357	69.26
AUM86167.1	KAI0784517.1	57.244	283	120	1	6	287	8	290	2.02e-116	357	70.67
AUM86167.1	KAF9012227.1	61.168	291	90	4	5	292	6	276	1.43e-115	350	69.76
AUM86167.1	THH19259.1	55.631	293	123	3	2	291	6	294	2.56e-115	350	70.99
AUM86167.1	KAJ7183281.1	57.143	322	109	8	5	301	10	327	3.56e-115	350	67.70
AUM86167.1	TFK22737.1	59.273	275	107	2	16	285	15	289	8.30e-115	357	76.00
AUM86167.1	KAH6909257.1	57.895	285	116	2	16	296	14	298	2.27e-114	350	72.28
AUM86167.1	KIK58046.1	62.791	258	75	1	17	253	18	275	2.51e-114	346	73.26
AUM86167.1	KAJ3534747.1	57.818	275	112	2	18	288	20	294	2.56e-114	350	71.27
AUM86167.1	XP_047883428.1	58.065	279	114	3	2	279	5	281	8.94e-114	348	69.89
AUM86167.1	XP_001836582.1	57.003	307	123	4	1	301	1	304	8.25e-113	347	71.66
AUM86167.1	KAH8830708.1	59.122	296	96	6	1	292	1	275	9.42e-113	343	69.26
AUM86167.1	KAI0661695.1	54.575	306	129	3	19	315	23	327	1.13e-112	347	66.34
AUM86167.1	KAA1467091.1	55.556	297	119	4	6	299	9	295	2.38e-112	341	69.36
AUM86167.1	EPT05590.1	56.463	294	124	3	19	311	21	311	4.34e-112	342	68.37
AUM86167.1	KAF8324378.1	58.741	286	105	5	9	282	8	292	1.24e-111	340	69.58
AUM86167.1	OCB85755.1	57.353	272	116	0	11	282	196	467	2.82e-111	351	72.43
AUM86167.1	XP_009545121.1	59.470	264	100	3	22	282	1	260	3.37e-111	338	75.00
AUM86167.1	KAI9512042.1	55.208	288	121	5	4	288	7	289	4.82e-111	345	69.10
AUM86167.1	XP_040765330.1	58.935	263	106	2	22	283	1	262	1.41e-110	337	72.24
AUM86167.1	KAH8109897.1	56.383	282	95	1	1	282	1	254	2.02e-110	338	68.44
AUM86167.1	KAH9058370.1	56.842	285	111	4	1	279	1	279	2.70e-110	342	68.77
AUM86167.1	KAI9440050.1	58.333	276	106	3	7	279	10	279	5.96e-110	342	69.57
AUM86167.1	TFY82132.1	55.305	311	119	5	2	301	5	306	6.82e-110	345	66.56
AUM86167.1	KAI0001502.1	56.071	280	115	5	5	281	8	282	8.11e-110	337	72.50
AUM86167.1	CAE6457632.1	48.563	348	160	4	1	343	1	334	1.03e-109	340	61.21
AUM86167.1	KAI0046343.1	58.209	268	105	3	17	282	20	282	1.39e-109	339	71.64
AUM86167.1	KAI0734152.1	55.755	278	121	2	19	295	21	297	1.41e-109	335	69.78
AUM86167.1	XP_007299807.1	57.196	271	109	3	15	282	19	285	1.50e-109	335	71.22
AUM86167.1	KAF5359754.1	57.500	280	109	5	4	279	5	278	1.76e-109	338	70.71
AUM86167.1	CAE6446852.1	47.230	379	174	5	1	362	1	370	3.95e-109	348	59.10
AUM86167.1	KAF9443302.1	58.394	274	104	5	10	279	12	279	6.25e-109	335	70.07
AUM86167.1	KAJ3568658.1	57.857	280	107	6	4	279	6	278	8.42e-109	336	72.86
AUM86167.1	KAH9037881.1	56.842	285	111	4	1	279	1	279	1.34e-108	338	68.07
AUM86167.1	KAH8994869.1	55.914	279	114	3	4	279	7	279	1.47e-108	337	68.82
AUM86167.1	KAI0303823.1	56.028	282	115	4	1	279	6	281	3.93e-108	330	68.79
AUM86167.1	KAI9461708.1	53.974	302	127	4	4	302	7	299	8.42e-108	335	64.90
AUM86167.1	KAG6917405.1	59.567	277	88	6	27	299	1	257	2.01e-107	329	70.76
AUM86167.1	CAE6337121.1	48.563	348	160	4	1	343	1	334	2.58e-107	344	61.21
AUM86167.1	KAG8705004.1	47.215	377	163	6	1	353	1	365	3.22e-107	331	58.62
AUM86167.1	KZT73202.1	54.325	289	128	3	27	314	1	286	7.76e-107	327	68.86
AUM86167.1	KAF7977061.1	53.153	333	126	5	27	339	1	323	9.24e-107	329	65.77
AUM86167.1	KAF8731085.1	54.417	283	119	4	2	280	11	287	2.53e-106	327	68.90
AUM86167.1	KAG8935386.1	52.532	316	139	6	6	316	8	317	1.41e-105	328	65.19
AUM86167.1	CAE6522514.1	46.556	363	163	4	1	341	1	354	1.71e-105	329	58.95
AUM86167.1	OBZ72245.1	56.890	283	105	4	2	283	156	422	5.34e-105	332	67.84
AUM86167.1	KAI0250269.1	56.584	281	113	5	7	283	10	285	7.27e-105	328	68.33
AUM86167.1	KAF9790728.1	56.429	280	110	3	1	279	1	269	1.02e-104	327	68.93
AUM86167.1	CAE6400146.1	53.710	283	118	2	1	279	1	274	1.07e-104	326	65.72
AUM86167.1	CAE6537060.1	48.903	319	149	2	6	324	4	308	1.44e-104	325	63.32
AUM86167.1	GJE96238.1	54.909	275	121	2	16	288	21	294	2.25e-104	325	67.64
AUM86167.1	KXN84873.1	51.682	327	141	7	4	325	5	319	2.67e-104	323	63.61
AUM86167.1	KAG9122696.1	51.613	310	115	4	1	289	1	296	3.77e-104	324	62.58
AUM86167.1	CAE6433407.1	53.710	283	118	2	1	279	1	274	1.08e-103	325	64.31
AUM86167.1	KAJ3480567.1	53.398	309	125	6	1	299	2	301	1.48e-103	321	68.28
AUM86167.1	KAJ1307380.1	54.064	283	117	2	1	279	1	274	2.32e-103	323	63.96
AUM86167.1	KDN50638.1	46.133	362	173	5	1	350	1	352	2.60e-103	322	58.56
AUM86167.1	XP_007393767.1	55.720	271	117	2	20	288	4	273	4.87e-103	323	67.90
AUM86167.1	KAF9647898.1	49.547	331	147	5	1	315	1	327	5.83e-103	320	61.93
AUM86167.1	KAH9986247.1	54.255	282	122	4	5	283	8	285	8.20e-103	318	67.73
AUM86167.1	CAE6448901.1	43.915	378	194	5	6	383	4	363	8.79e-103	319	58.99
AUM86167.1	KAF8321095.1	55.401	287	116	4	4	279	2	287	1.83e-102	319	64.46
AUM86167.1	CAE6340628.1	48.214	336	154	4	12	343	12	331	2.40e-102	318	61.90
AUM86167.1	KAJ1307903.1	45.614	342	156	4	1	342	1	312	6.62e-102	317	61.70
AUM86167.1	KDN48575.1	52.920	274	120	1	6	279	4	268	1.56e-101	317	67.88
AUM86167.1	THG96211.1	58.848	243	98	1	39	279	3	245	3.35e-101	316	71.19
AUM86167.1	CAE6424438.1	53.650	274	118	1	6	279	4	268	3.42e-101	316	66.79
AUM86167.1	KAH9068331.1	57.812	256	99	3	27	279	1	250	4.47e-101	316	70.31
AUM86167.1	CAE6446984.1	52.920	274	120	1	6	279	4	268	5.04e-101	316	67.52
AUM86167.1	CAE6414618.1	48.571	315	145	4	1	314	1	299	5.15e-101	315	63.81
AUM86167.1	KAB5596145.1	52.650	283	121	2	1	279	1	274	5.71e-101	316	63.96
AUM86167.1	CEL55761.1	47.468	316	152	2	1	316	1	302	8.02e-101	315	63.29
AUM86167.1	KAI0279744.1	49.288	351	153	8	1	343	1	334	1.09e-100	317	60.11
AUM86167.1	KAH9002898.1	57.812	256	99	3	27	279	1	250	1.45e-100	315	70.31
AUM86167.1	TFY69232.1	47.207	358	120	8	1	299	1	348	1.90e-100	315	58.94
AUM86167.1	CAE6532806.1	52.650	283	119	3	1	279	1	272	2.48e-100	314	64.31
AUM86167.1	KAG9044909.1	55.431	267	114	4	19	281	20	285	3.72e-100	314	69.66
AUM86167.1	KAJ3006596.1	53.535	297	80	4	15	311	19	257	4.14e-100	310	61.95
AUM86167.1	CAE7224843.1	52.297	283	122	2	1	279	1	274	4.71e-100	314	64.66
AUM86167.1	THH09276.1	54.212	273	118	4	47	317	1	268	5.37e-100	315	71.06
AUM86167.1	KZT40257.1	54.122	279	117	4	6	282	8	277	7.70e-100	320	67.03
AUM86167.1	KAG8714139.1	51.943	283	123	2	1	279	1	274	1.92e-99	312	62.90
AUM86167.1	KAG8948042.1	55.597	268	114	5	19	282	20	286	2.02e-99	311	68.66
AUM86167.1	KZS91941.1	54.093	281	116	5	4	282	8	277	3.58e-99	321	67.62
AUM86167.1	KAG9098080.1	51.211	289	131	2	27	315	1	279	3.86e-99	311	65.05
AUM86167.1	QRV75229.1	46.243	346	156	4	27	351	1	337	6.80e-99	309	58.38
AUM86167.1	KAF8606538.1	47.500	320	141	5	6	325	4	296	7.14e-99	310	63.12
AUM86167.1	CAE6451815.1	44.199	362	182	4	1	359	1	345	1.47e-98	311	58.29
AUM86167.1	KAG8962101.1	55.597	268	113	4	6	271	8	271	3.16e-98	305	68.66
AUM86167.1	XP_047780377.1	54.135	266	120	2	19	283	21	285	3.28e-98	306	68.42
AUM86167.1	TFY54514.1	54.135	266	120	2	19	283	21	285	7.80e-98	306	68.42
AUM86167.1	KIO31600.1	54.851	268	116	5	19	282	20	286	1.02e-97	306	69.78
AUM86167.1	KAG8773011.1	48.852	305	138	4	27	322	1	296	1.43e-97	307	62.62
AUM86167.1	KAF8606550.1	50.177	283	128	2	1	279	1	274	2.16e-97	307	62.90
AUM86167.1	KAJ7036842.1	64.126	223	64	2	27	247	1	209	1.14e-96	298	73.99
AUM86167.1	CAE6426536.1	44.818	357	183	4	1	354	1	346	1.19e-96	315	58.26
AUM86167.1	KAF8501713.1	46.023	352	166	5	1	334	1	346	1.24e-96	304	58.24
AUM86167.1	KAF8501716.1	51.228	285	129	4	2	282	5	283	1.50e-96	301	63.86
AUM86167.1	KAG8708896.1	54.545	253	106	1	27	279	1	244	3.20e-96	303	68.38
AUM86167.1	KAI0775242.1	54.122	279	123	5	5	281	11	286	5.17e-96	303	67.74
AUM86167.1	XP_038920063.1	58.113	265	95	6	24	281	48	303	6.08e-96	305	66.42
AUM86167.1	QRW03805.1	50.545	275	126	2	6	279	4	269	7.95e-96	303	65.09
AUM86167.1	CAE6493006.1	53.409	264	114	1	16	279	16	270	9.64e-96	299	67.80
AUM86167.1	KAI0287778.1	50.162	309	120	5	1	279	1	305	1.00e-95	304	59.55
AUM86167.1	KAI0264500.1	56.250	256	104	4	27	279	1	251	2.05e-95	306	67.58
AUM86167.1	CEL55274.1	47.682	302	145	3	1	299	1	292	3.15e-95	303	60.26
AUM86167.1	QRW04140.1	49.164	299	133	4	27	320	1	285	3.23e-95	299	62.54
AUM86167.1	KAF8486165.1	48.882	313	148	4	5	314	8	311	4.19e-95	301	61.02
AUM86167.1	CAE6384342.1	51.613	279	124	2	1	279	1	268	5.25e-95	300	67.74
AUM86167.1	XP_038916845.1	49.502	301	138	4	3	290	4	303	5.27e-95	300	63.79
AUM86167.1	KAF9511918.1	46.041	341	166	6	27	355	1	335	6.23e-95	298	60.70
AUM86167.1	KAG8702013.1	52.174	253	112	1	27	279	1	244	1.21e-94	299	69.17
AUM86167.1	KAI0703797.1	50.725	276	126	2	14	288	16	282	1.22e-94	300	63.77
AUM86167.1	KAF9518919.1	54.924	264	107	3	27	279	1	263	4.22e-94	297	66.67
AUM86167.1	KAJ3538245.1	66.509	212	68	1	75	283	24	235	4.40e-94	292	77.83
AUM86167.1	TCD61917.1	49.826	287	115	3	16	297	20	282	4.73e-94	298	64.46
AUM86167.1	KAI0279745.1	48.148	324	157	5	21	341	4	319	8.33e-94	296	61.11
AUM86167.1	KAF8486164.1	48.696	345	148	8	15	345	30	359	8.43e-94	305	61.16
AUM86167.1	KAB5593995.1	46.462	325	150	5	5	324	3	308	1.16e-93	296	61.23
AUM86167.1	KZV69208.1	51.916	287	121	5	5	279	1	282	3.37e-93	293	63.41
AUM86167.1	KAG6830510.1	56.318	277	81	6	27	299	1	241	3.72e-93	301	65.70
AUM86167.1	VDC02569.1	50.699	286	126	5	4	279	2	282	5.83e-92	290	63.29
AUM86167.1	KAF7796010.1	53.878	245	111	1	50	292	1	245	5.99e-92	292	67.76
AUM86167.1	KZT57664.1	49.324	296	133	6	1	286	2	290	3.88e-91	292	63.85
AUM86167.1	KAI0036026.1	46.243	346	154	7	22	353	1	328	8.18e-91	287	56.94
AUM86167.1	KAI0316452.1	50.171	293	127	5	19	302	16	298	2.63e-90	288	62.12
AUM86167.1	KAG9125644.1	49.451	273	109	2	27	279	1	264	3.67e-90	286	64.10
AUM86167.1	KIP10435.1	52.713	258	119	2	27	282	1	257	3.85e-90	287	66.67
AUM86167.1	XP_040631690.1	52.206	272	117	4	19	280	20	288	4.55e-90	288	64.34
AUM86167.1	KZO90691.1	49.310	290	133	5	1	280	2	287	7.78e-90	288	63.10
AUM86167.1	XP_040631691.1	48.951	286	136	5	1	280	2	283	2.20e-88	285	63.99
AUM86167.1	KZT57666.1	47.892	332	135	9	1	321	2	306	5.20e-88	284	58.13
AUM86167.1	KAI0026658.1	51.311	267	116	4	22	279	1	262	5.54e-88	278	64.04
AUM86167.1	KAJ3978495.1	49.515	309	95	5	11	318	2	250	1.46e-87	279	58.25
AUM86167.1	KZV72373.1	52.290	262	117	3	22	280	24	280	8.39e-87	276	64.50
AUM86167.1	ELU44209.1	52.479	242	105	2	20	260	1	233	1.56e-86	277	67.77
AUM86167.1	VDB84992.1	50.175	285	125	5	22	297	24	300	2.39e-86	280	61.40
AUM86167.1	KAI0346057.1	47.038	287	148	2	1	286	2	285	3.46e-86	278	59.58
AUM86167.1	KAH9959614.1	45.062	324	163	5	5	315	8	329	5.56e-86	275	57.72
AUM86167.1	EUC64931.1	55.856	222	94	1	1	218	1	222	6.65e-85	268	68.47
AUM86167.1	KAH9178272.1	48.913	276	110	4	7	279	10	257	1.17e-84	276	61.59
AUM86167.1	KAG8914120.1	53.138	239	107	4	19	253	20	257	1.79e-84	268	68.20
AUM86167.1	KAG8746514.1	45.048	313	132	5	27	332	1	280	5.27e-84	271	58.79
AUM86167.1	KXN89494.1	60.294	204	76	2	102	301	1	203	1.05e-82	264	75.98
AUM86167.1	KZO90689.1	47.241	290	139	6	1	280	2	287	7.04e-82	268	60.69
AUM86167.1	KAF8269563.1	49.291	282	126	5	4	279	7	277	1.30e-81	269	61.70
AUM86167.1	KAH9959610.1	46.667	285	141	4	23	299	1	282	2.08e-81	265	61.05
AUM86167.1	KAG9033390.1	47.059	289	132	4	6	282	11	290	8.84e-79	259	59.17
AUM86167.1	WVQ72578.1	47.719	285	122	8	2	279	7	271	2.80e-78	254	58.25
AUM86167.1	KAI0090264.1	46.182	275	137	2	17	289	21	286	5.30e-78	258	58.91
AUM86167.1	XP_040629811.1	51.282	234	107	3	51	280	4	234	8.42e-78	251	66.24
AUM86167.1	KAG5650519.1	58.462	195	77	1	1	191	1	195	1.23e-77	249	72.82
AUM86167.1	ORY34011.1	44.828	290	136	5	1	280	1	276	1.32e-77	258	55.17
AUM86167.1	XP_019035686.1	46.048	291	115	7	2	279	7	268	2.72e-77	251	56.70
AUM86167.1	KAI0806128.1	44.291	289	149	3	4	289	8	287	4.03e-77	256	57.44
AUM86167.1	KAG9033081.1	46.021	289	136	3	4	281	8	287	5.54e-77	250	58.13
AUM86167.1	KAK4683791.1	42.025	326	154	6	4	319	8	308	1.08e-76	254	54.91
AUM86167.1	XP_778151.1	41.765	340	168	7	1	329	6	326	5.60e-76	256	54.71
AUM86167.1	PSR74237.1	56.500	200	85	1	82	279	2	201	1.97e-75	248	70.00
AUM86167.1	XP_031863238.1	44.326	282	134	5	8	279	9	277	4.54e-75	250	58.87
AUM86167.1	XP_046036810.1	42.675	314	159	7	8	315	13	311	6.66e-75	250	53.50
AUM86167.1	CCO30796.1	49.339	227	112	1	1	224	1	227	4.06e-74	241	63.88
AUM86167.1	XP_019010940.1	41.748	309	156	5	8	306	9	303	7.40e-74	248	54.69
AUM86167.1	WVQ72577.1	39.459	370	192	8	17	371	20	372	1.27e-73	248	52.97
AUM86167.1	XP_062791081.1	43.007	286	146	4	2	280	3	278	2.04e-73	247	57.34
AUM86167.1	ODN88337.1	42.643	333	156	9	1	322	1	309	2.06e-73	244	54.35
AUM86167.1	WVQ82351.1	44.330	291	136	7	1	279	1	277	3.66e-73	250	56.36
AUM86167.1	XP_018263097.1	43.750	288	138	6	4	280	6	280	4.99e-73	246	56.94
AUM86167.1	CAD6572736.1	43.728	279	145	4	5	281	10	278	1.22e-72	244	57.35
AUM86167.1	WVR07021.1	44.027	293	139	6	19	299	20	299	2.02e-72	242	54.95
AUM86167.1	XP_019046288.1	44.561	285	135	5	6	280	6	277	3.03e-72	243	55.44
AUM86167.1	KAG9007623.1	47.744	266	119	3	27	281	1	257	4.28e-72	237	58.65
AUM86167.1	GMK58657.1	43.321	277	136	4	4	279	2	258	1.99e-71	242	58.48
AUM86167.1	XP_018994656.1	43.956	273	130	4	17	279	21	280	2.26e-71	241	57.51
AUM86167.1	GFZ43948.1	43.478	276	123	6	14	279	20	272	3.18e-71	239	58.70
AUM86167.1	WVQ99392.1	45.756	271	124	5	19	279	20	277	3.33e-71	242	57.56
AUM86167.1	XP_038920064.1	44.068	295	144	7	6	281	13	305	4.15e-71	241	56.95
AUM86167.1	XP_060456902.1	42.857	280	132	5	1	279	6	258	1.94e-70	239	57.86
AUM86167.1	XP_019007301.1	43.772	281	135	5	9	279	10	277	2.12e-70	238	56.23
AUM86167.1	KAG8884257.1	47.566	267	120	4	27	282	1	258	3.12e-70	235	56.18
AUM86167.1	OCF42898.1	45.221	272	126	5	19	280	20	278	4.01e-70	239	56.62
AUM86167.1	BEJ14676.1	42.500	280	133	5	1	279	6	258	1.25e-69	236	57.14
AUM86167.1	GMK54331.1	41.135	282	149	5	5	280	1	271	1.85e-69	237	58.51
AUM86167.1	KIR67208.1	43.772	281	127	6	12	279	19	281	4.21e-69	238	56.23
AUM86167.1	OXG24631.1	39.503	362	178	10	7	346	9	351	7.76e-69	237	52.76
AUM86167.1	XP_052949572.1	41.017	295	148	6	5	286	6	287	1.40e-68	230	55.59
AUM86167.1	XP_018280093.1	43.893	262	126	4	19	279	17	258	2.96e-68	234	59.54
AUM86167.1	XP_018279493.1	41.636	269	129	5	22	279	1	252	1.50e-67	225	57.25
AUM86167.1	ELU37011.1	38.667	375	179	9	11	359	8	357	2.73e-67	239	52.00
AUM86167.1	XP_043178519.1	44.094	254	132	2	27	279	1	245	3.18e-67	228	58.66
AUM86167.1	XP_047888039.1	41.994	331	125	8	19	317	21	316	3.63e-67	227	52.27
AUM86167.1	KAH9972789.1	47.451	255	97	6	52	300	37	260	6.08e-67	224	60.00
AUM86167.1	KAG8749125.1	48.696	230	94	3	100	329	1	206	1.64e-66	223	62.17
AUM86167.1	XP_028476473.1	38.440	359	167	9	22	338	627	973	1.14e-65	237	50.97
AUM86167.1	KAF8470832.1	41.369	336	164	11	10	340	11	318	6.77e-65	221	51.49
AUM86167.1	KAG8775486.1	54.819	166	75	0	27	192	1	166	2.07e-64	214	70.48
AUM86167.1	XP_062631925.1	40.741	297	138	7	1	279	1	277	7.13e-64	226	53.54
AUM86167.1	RXK34920.1	43.206	287	133	4	4	279	5	272	1.21e-63	219	54.36
AUM86167.1	KAK1924239.1	40.000	285	147	5	5	279	6	276	1.31e-63	216	55.09
AUM86167.1	XP_060453079.1	39.927	273	136	5	19	279	16	272	2.16e-63	221	56.04
AUM86167.1	XP_028476511.1	36.364	363	201	8	4	360	8	346	8.81e-63	219	50.96
AUM86167.1	ODO08084.1	44.167	240	114	3	50	279	3	232	9.25e-63	217	57.92
AUM86167.1	XP_019035688.1	44.167	240	114	3	50	279	3	232	2.83e-62	217	57.08
AUM86167.1	XP_062626010.1	45.455	264	115	6	19	279	18	255	3.46e-62	223	57.58
AUM86167.1	KAG8979806.1	54.082	196	85	5	90	281	2	196	4.04e-62	213	66.33
AUM86167.1	CDZ98792.1	41.638	293	132	9	12	280	19	296	8.78e-62	213	55.97
AUM86167.1	KAJ9114318.1	34.625	387	201	11	8	358	11	381	2.69e-61	214	49.10
AUM86167.1	CDZ98532.1	39.465	299	144	7	5	281	10	293	1.84e-60	221	53.85
AUM86167.1	KAF8455147.1	44.086	279	126	10	5	279	1	253	3.42e-60	207	54.48
AUM86167.1	TXT11790.1	40.000	265	132	5	20	279	1	243	5.26e-60	211	54.34
AUM86167.1	KAF8423366.1	39.319	323	155	11	6	313	7	303	8.57e-60	207	50.77
AUM86167.1	GHJ86888.1	38.926	298	151	9	4	282	2	287	1.76e-59	211	55.03
AUM86167.1	KAG9090867.1	56.287	167	69	1	1	163	1	167	1.98e-59	201	67.66
AUM86167.1	KAG5338821.1	65.734	143	45	2	27	166	1	142	3.57e-59	202	80.42
AUM86167.1	KAG5338821.1	48.485	66	32	2	237	302	123	186	1.17e-06	60.8	59.09
AUM86167.1	XP_028474799.1	42.798	243	119	4	44	279	35	264	4.10e-59	213	57.20
AUM86167.1	TXT04286.1	43.726	263	119	6	20	279	1	237	4.70e-59	213	56.65
AUM86167.1	KAI5452378.1	38.790	281	137	6	18	280	21	284	7.56e-59	209	51.25
AUM86167.1	EKD01731.1	41.216	296	142	9	1	280	1	280	1.42e-58	210	53.72
AUM86167.1	KAJ9096401.1	38.811	286	152	6	8	281	11	285	1.46e-58	209	52.80
AUM86167.1	KAF8519414.1	38.356	292	155	4	4	279	6	288	1.92e-58	204	49.32
AUM86167.1	KAF8591349.1	39.649	285	145	5	12	279	15	289	4.73e-58	203	51.23
AUM86167.1	KIJ36911.1	40.071	282	146	4	12	279	16	288	7.67e-58	206	51.42
AUM86167.1	KAF8591350.1	38.276	290	154	4	6	279	9	289	9.24e-58	202	50.69
AUM86167.1	KAF8524302.1	36.364	297	162	5	1	279	1	288	1.09e-57	202	50.51
AUM86167.1	XP_028476602.1	40.000	285	123	7	19	279	17	277	3.39e-57	204	52.98
AUM86167.1	RPA80138.1	42.336	274	131	8	11	280	4	254	1.97e-56	196	53.65
AUM86167.1	KAG0137833.1	37.013	308	166	8	7	311	5	287	3.25e-55	196	50.65
AUM86167.1	KAF8519415.1	36.770	291	159	4	5	279	7	288	6.08e-55	195	49.83
AUM86167.1	KAI5806802.1	40.989	283	138	10	4	280	5	264	1.14e-54	196	54.06
AUM86167.1	XP_028472728.1	39.519	291	136	9	1	279	1	263	1.82e-54	198	51.20
AUM86167.1	XP_051334511.1	39.416	274	136	8	9	278	7	254	2.97e-54	192	52.55
AUM86167.1	CAF0828144.1	37.847	288	149	7	4	280	7	275	3.21e-54	191	52.43
AUM86167.1	TXT07101.1	43.162	234	112	6	55	279	27	248	8.53e-54	198	56.84
AUM86167.1	KAI5782680.1	36.503	326	162	9	6	318	4	297	8.66e-54	194	50.31
AUM86167.1	XP_051442884.1	37.000	300	144	6	4	286	7	278	9.21e-54	191	49.33
AUM86167.1	KAF8460521.1	41.154	260	127	7	22	279	1	236	1.20e-53	188	53.46
AUM86167.1	KAG0636262.1	37.061	313	169	8	6	315	4	291	1.97e-53	191	48.56
AUM86167.1	XP_007327029.1	37.853	354	181	13	6	339	4	338	2.09e-52	191	48.02
AUM86167.1	GMK55144.1	35.359	362	189	9	6	342	3	344	2.73e-52	191	47.79
AUM86167.1	KAJ9127419.1	35.821	335	172	8	8	337	11	307	5.72e-52	188	48.96
AUM86167.1	KAG8696633.1	46.269	201	84	3	129	329	1	177	6.29e-52	183	60.70
AUM86167.1	KAG2173165.1	36.667	300	155	7	1	286	1	279	1.23e-51	185	49.33
AUM86167.1	XP_021870732.1	41.892	222	118	4	6	220	7	224	2.10e-51	182	57.21
AUM86167.1	OJA15941.1	41.356	295	139	12	6	279	5	286	2.51e-51	189	53.56
AUM86167.1	KIR33729.1	42.793	222	103	5	6	213	6	217	4.81e-51	181	56.76
AUM86167.1	RPB24591.1	40.613	261	128	8	22	279	1	237	7.76e-51	181	53.26
AUM86167.1	KAI5803377.1	39.560	273	137	9	9	279	11	257	1.08e-50	182	53.48
AUM86167.1	KAF8801887.1	38.926	298	148	11	6	282	7	291	1.28e-50	185	51.68
AUM86167.1	PWW74733.1	35.913	323	178	10	7	323	5	304	1.64e-50	183	49.23
AUM86167.1	KAA8892561.1	40.767	287	139	12	17	299	20	279	1.76e-50	183	53.31
AUM86167.1	KAH8552452.1	35.294	306	146	7	5	286	1	278	1.88e-50	183	48.37
AUM86167.1	KAF8429570.1	38.380	284	137	7	12	279	15	276	3.72e-50	181	48.59
AUM86167.1	PRP86693.1	39.338	272	131	8	21	280	106	355	5.10e-50	188	54.04
AUM86167.1	KAG2047998.1	39.865	296	132	11	16	279	15	296	5.77e-50	181	52.03
AUM86167.1	KAF9446568.1	36.712	365	179	14	15	350	13	354	6.10e-50	183	47.12
AUM86167.1	KAJ8587088.1	38.994	318	147	11	6	292	5	306	6.80e-50	182	50.00
AUM86167.1	KAG2745013.1	40.203	296	131	13	16	279	15	296	7.37e-50	185	52.70
AUM86167.1	KAG8689289.1	50.575	174	69	3	129	299	1	160	7.64e-50	187	63.79
AUM86167.1	KAF9555468.1	38.411	302	145	12	6	280	1	288	8.73e-50	184	50.99
AUM86167.1	XP_041203492.1	40.878	296	125	12	19	280	18	297	1.39e-49	181	51.01
AUM86167.1	XP_041152707.1	39.590	293	137	10	16	279	15	296	3.38e-49	184	52.22
AUM86167.1	KAF8172110.1	37.710	297	152	9	3	279	4	287	6.89e-49	181	48.82
AUM86167.1	XP_045975601.1	37.681	276	142	8	7	279	5	253	7.28e-49	179	50.36
AUM86167.1	KAF8476807.1	35.739	291	155	6	6	285	12	281	1.05e-48	177	49.83
AUM86167.1	KAF4578295.1	38.614	303	149	12	1	280	1	289	1.09e-48	178	49.17
AUM86167.1	KAJ8699157.1	39.073	302	147	12	1	279	53	340	1.43e-48	179	50.33
AUM86167.1	RSH91054.1	36.934	287	151	7	19	286	20	295	2.27e-48	179	49.83
AUM86167.1	GFZ45114.1	37.993	279	146	7	19	280	20	288	2.57e-48	179	51.25
AUM86167.1	KAG2341603.1	38.514	296	136	11	16	279	15	296	2.72e-48	181	51.01
AUM86167.1	PUU81429.1	38.406	276	142	9	7	279	5	255	2.77e-48	177	51.09
AUM86167.1	KAF8471114.1	37.413	286	155	6	10	293	15	278	2.91e-48	177	48.60
AUM86167.1	KAF7353871.1	37.838	296	151	10	4	279	3	285	3.41e-48	176	49.66
AUM86167.1	XP_045966199.1	34.796	319	176	6	4	314	2	296	3.46e-48	177	47.65
AUM86167.1	XP_041189731.1	38.983	295	136	12	16	279	15	296	3.91e-48	182	51.19
AUM86167.1	KAG2361954.1	39.796	294	133	12	17	279	16	296	4.73e-48	181	51.36
AUM86167.1	KAF9003575.1	37.333	300	149	10	6	281	6	290	6.29e-48	175	50.33
AUM86167.1	KAJ7490931.1	38.047	297	151	11	4	280	3	286	6.53e-48	177	50.84
AUM86167.1	CAG7848880.1	37.024	289	145	10	15	279	14	289	9.64e-48	175	51.21
AUM86167.1	RPA98525.1	38.043	276	133	8	7	279	5	245	1.27e-47	175	50.00
AUM86167.1	KAI5778531.1	34.843	287	173	4	5	289	6	280	1.38e-47	176	48.78
AUM86167.1	KAG2038753.1	40.136	294	132	13	17	279	16	296	1.65e-47	179	51.70
AUM86167.1	KAI5779968.1	37.722	281	157	6	11	281	15	287	4.49e-47	174	51.96
AUM86167.1	TXT10245.1	38.224	259	130	6	38	280	5	249	5.38e-47	177	52.12
AUM86167.1	KAI3612457.1	37.755	294	137	11	18	280	23	301	6.04e-47	177	50.34
AUM86167.1	XP_041240031.1	40.000	295	133	13	16	279	15	296	6.14e-47	178	51.19
AUM86167.1	KAI6028045.1	37.793	299	145	10	9	279	8	293	6.16e-47	177	48.49
AUM86167.1	OAX34821.1	39.792	289	140	12	6	273	5	280	6.76e-47	172	52.60
AUM86167.1	KAG5644957.1	41.754	285	133	12	15	279	5	276	7.75e-47	172	53.33
AUM86167.1	PRP74785.1	36.242	298	155	8	4	285	6	284	8.09e-47	177	50.67
AUM86167.1	XP_018282730.1	38.372	258	129	6	38	279	5	248	8.73e-47	171	51.94
AUM86167.1	KAG5642766.1	37.458	299	154	11	1	279	1	286	9.54e-47	174	50.84
AUM86167.1	XP_051342713.1	31.909	351	218	7	4	349	2	336	1.14e-46	173	46.44
AUM86167.1	CUS15635.1	36.860	293	142	10	5	279	3	270	1.20e-46	174	49.15
AUM86167.1	CDZ98469.1	37.162	296	158	10	1	282	1	282	1.44e-46	172	49.32
AUM86167.1	KAF8061794.1	36.949	295	152	10	6	279	5	286	1.49e-46	174	48.47
AUM86167.1	KAI6125828.1	37.793	299	145	10	9	279	8	293	2.10e-46	176	47.49
AUM86167.1	KDQ12702.1	37.500	296	153	10	4	279	8	291	2.82e-46	171	50.00
AUM86167.1	KAJ2924699.1	38.384	297	146	13	6	280	10	291	2.89e-46	175	50.17
AUM86167.1	KAG6889154.1	36.934	287	145	9	15	279	17	289	2.93e-46	176	49.13
AUM86167.1	KAF7298383.1	37.333	300	153	12	1	280	121	405	3.57e-46	176	52.33
AUM86167.1	KAG9006702.1	46.032	189	92	1	1	179	4	192	3.66e-46	167	59.26
AUM86167.1	KAJ7071801.1	37.374	297	153	11	4	280	3	286	3.67e-46	173	51.18
AUM86167.1	PPR05141.1	35.928	334	174	10	4	314	5	321	3.76e-46	174	47.01
AUM86167.1	KIJ59037.1	36.364	363	186	12	6	337	8	356	3.93e-46	174	47.38
AUM86167.1	KAJ7041973.1	37.500	296	152	10	4	279	3	285	4.14e-46	173	49.66
AUM86167.1	KAJ7284688.1	36.137	321	165	12	6	306	11	311	4.16e-46	172	48.60
AUM86167.1	XP_036637151.1	35.542	332	149	11	1	279	1	320	4.47e-46	172	45.78
AUM86167.1	KAG1729006.1	38.591	298	133	11	16	279	15	296	4.53e-46	175	50.67
AUM86167.1	XP_041305035.1	38.255	298	140	10	16	282	15	299	6.22e-46	174	50.67
AUM86167.1	KAI6096263.1	37.793	299	145	10	9	279	8	293	8.66e-46	174	47.49
AUM86167.1	KAF5349572.1	34.115	384	187	15	5	337	50	418	9.15e-46	175	46.61
AUM86167.1	KAG0696927.1	39.041	292	134	12	19	279	18	296	1.01e-45	171	51.03
AUM86167.1	KAF8643391.1	36.919	344	166	15	6	315	7	333	1.01e-45	180	49.42
AUM86167.1	XP_037215895.1	35.667	300	160	10	1	280	1	287	1.10e-45	172	49.33
AUM86167.1	KAJ7700703.1	38.732	284	141	11	17	280	16	286	1.11e-45	172	51.06
AUM86167.1	KAI8064513.1	35.336	283	137	7	18	283	3	256	1.39e-45	168	48.06
AUM86167.1	KAI5808220.1	36.101	277	150	8	5	279	7	258	1.40e-45	168	49.10
AUM86167.1	KAJ9105892.1	49.682	157	72	1	123	279	54	203	2.11e-45	167	63.69
AUM86167.1	KAK1924488.1	36.278	317	162	11	6	299	5	304	2.14e-45	177	48.58
AUM86167.1	TFK24632.1	33.773	379	182	16	4	342	9	358	2.22e-45	171	47.49
AUM86167.1	KAJ7063711.1	37.954	303	149	11	1	280	1	287	2.49e-45	171	49.17
AUM86167.1	PPQ91790.1	36.610	295	152	12	6	279	7	287	2.84e-45	172	50.17
AUM86167.1	KAF8646397.1	36.213	301	158	10	5	282	20	309	2.96e-45	170	47.84
AUM86167.1	XP_019043154.1	37.621	311	144	14	2	279	3	296	3.30e-45	177	50.16
AUM86167.1	KAJ7684356.1	38.284	303	148	12	4	282	1	288	3.75e-45	171	49.17
AUM86167.1	KIM60444.1	34.257	397	187	14	1	340	1	380	4.28e-45	173	42.82
AUM86167.1	KAG1771890.1	36.810	326	158	14	1	294	1	310	4.43e-45	170	50.00
AUM86167.1	XP_041176807.1	37.755	294	139	11	17	279	16	296	4.81e-45	172	50.34
AUM86167.1	CAA7260964.1	37.171	304	147	13	1	279	136	420	5.62e-45	174	50.66
AUM86167.1	GLB35639.1	35.836	293	158	10	6	279	5	286	6.09e-45	170	49.49
AUM86167.1	KAJ7721732.1	35.821	335	177	14	1	312	1	320	6.36e-45	169	48.36
AUM86167.1	KAJ7510330.1	37.075	294	154	10	6	280	7	288	8.97e-45	168	49.32
AUM86167.1	KAJ7592659.1	37.333	300	150	13	2	280	5	287	9.89e-45	169	49.33
AUM86167.1	KAK1925801.1	36.093	302	158	8	6	286	10	297	1.08e-44	168	47.68
AUM86167.1	KAF6743405.1	32.394	355	195	12	2	328	12	349	1.24e-44	169	46.76
AUM86167.1	KAJ3517287.1	36.667	300	154	12	1	279	1	285	1.25e-44	170	50.33
AUM86167.1	KNZ77897.1	37.654	324	150	13	43	335	18	320	1.46e-44	170	49.69
AUM86167.1	KAG2068216.1	38.644	295	137	12	17	280	16	297	1.60e-44	168	50.85
AUM86167.1	KIM60443.1	36.076	316	159	11	1	286	1	303	1.93e-44	167	47.15
AUM86167.1	XP_007319142.1	38.111	307	144	11	2	279	10	299	2.06e-44	167	48.86
AUM86167.1	RPA95384.1	36.364	264	154	4	19	281	4	254	2.71e-44	165	48.86
AUM86167.1	KAF8426953.1	33.832	334	182	7	19	336	24	334	2.81e-44	167	46.11
AUM86167.1	TFK35491.1	38.163	283	142	11	18	280	19	288	2.91e-44	171	50.18
AUM86167.1	KAJ8587089.1	37.500	304	145	12	2	273	1	291	3.14e-44	166	48.68
AUM86167.1	KAJ7765721.1	38.127	299	148	13	4	280	3	286	6.56e-44	167	51.51
AUM86167.1	KAJ7237708.1	37.458	299	154	11	1	279	1	286	6.83e-44	167	48.49
AUM86167.1	KAI6144734.1	37.458	299	146	10	9	279	8	293	7.56e-44	169	47.83
AUM86167.1	XP_020055253.1	35.640	289	157	9	8	279	6	282	7.69e-44	164	49.13
AUM86167.1	KDQ08700.1	36.735	294	149	10	8	279	7	285	7.87e-44	164	48.64
AUM86167.1	KAJ7119105.1	37.710	297	152	11	4	280	3	286	8.17e-44	167	49.16
AUM86167.1	KAK2765626.1	36.655	281	152	6	6	279	6	267	9.42e-44	164	47.69
AUM86167.1	KAK1921139.1	37.184	277	146	8	22	279	1	268	9.62e-44	165	50.90
AUM86167.1	KAF9481334.1	36.644	292	148	10	3	272	4	280	1.33e-43	164	46.58
AUM86167.1	WVQ97816.1	35.714	294	157	8	6	279	7	288	1.65e-43	173	47.96
AUM86167.1	KAF9465322.1	36.013	311	150	13	18	300	21	310	1.79e-43	166	47.59
AUM86167.1	KXN93349.1	34.877	367	165	14	10	337	4	335	1.86e-43	166	46.05
AUM86167.1	KAG8754232.1	35.370	311	166	11	1	295	1	292	2.23e-43	165	47.91
AUM86167.1	KAJ7914883.1	36.066	305	163	11	13	298	13	304	2.24e-43	164	48.20
AUM86167.1	KDQ07356.1	35.932	295	152	10	7	279	6	285	2.76e-43	163	48.14
AUM86167.1	RXW19564.1	35.016	317	148	11	6	279	10	311	2.84e-43	167	46.06
AUM86167.1	XP_046077471.1	35.548	301	159	10	1	280	1	287	2.91e-43	163	48.50
AUM86167.1	KAJ6622531.1	33.431	341	185	10	4	326	6	322	2.96e-43	164	46.04
AUM86167.1	KAF8162702.1	34.983	303	155	11	6	280	7	295	3.02e-43	166	48.51
AUM86167.1	PRP74787.1	36.364	275	148	7	19	285	607	862	4.03e-43	173	51.27
AUM86167.1	PRP74787.1	32.680	306	166	7	9	292	76	363	1.93e-40	165	46.41
AUM86167.1	KAF5361158.1	37.124	299	150	12	13	280	21	312	4.10e-43	165	48.83
AUM86167.1	PRP89596.1	34.564	298	174	7	7	294	4	290	4.44e-43	171	50.67
AUM86167.1	KAH8830497.1	35.333	300	157	10	4	279	6	292	4.91e-43	164	47.00
AUM86167.1	XP_016242373.1	34.884	301	159	7	1	279	1	286	5.09e-43	166	46.84
AUM86167.1	ESK91302.1	37.417	302	150	12	5	281	1	288	5.34e-43	163	48.01
AUM86167.1	PRP74784.1	34.722	288	163	7	2	285	115	381	5.59e-43	169	49.65
AUM86167.1	TFK65698.1	36.395	294	145	11	2	274	8	280	6.11e-43	162	49.32
AUM86167.1	XP_013271081.1	36.424	302	153	8	1	279	1	286	6.25e-43	165	46.36
AUM86167.1	PRP84537.1	36.823	277	155	6	17	284	114	379	6.44e-43	169	51.62
AUM86167.1	XP_007003269.1	43.333	210	114	3	4	211	5	211	6.65e-43	160	57.14
AUM86167.1	CAF1679081.1	36.458	288	157	9	7	282	10	283	6.94e-43	162	51.04
AUM86167.1	THU92255.1	38.095	294	148	12	1	273	1	281	7.50e-43	162	49.66
AUM86167.1	CAF0957659.1	36.735	294	157	10	1	282	7	283	7.69e-43	164	50.68
AUM86167.1	PPQ99173.1	37.698	252	128	7	44	279	1000	1238	7.87e-43	172	50.79
AUM86167.1	KAF8207216.1	36.824	296	152	12	6	280	9	290	8.69e-43	163	48.99
AUM86167.1	PFH53538.1	35.082	305	162	11	4	287	5	294	8.69e-43	162	47.87
AUM86167.1	KAH7910501.1	37.338	308	153	12	1	279	1	297	9.76e-43	163	48.70
AUM86167.1	KFH41721.1	38.078	281	140	9	23	280	23	292	1.04e-42	162	47.69
AUM86167.1	KDQ08703.1	35.495	293	158	8	6	279	5	285	1.04e-42	161	47.10
AUM86167.1	KAJ7678558.1	36.455	299	159	10	1	280	1	287	1.09e-42	162	47.83
AUM86167.1	XP_035345895.1	35.548	301	159	10	1	280	1	287	1.19e-42	161	48.84
AUM86167.1	KAJ7056730.1	66.667	111	33	2	86	192	30	140	1.21e-42	157	78.38
AUM86167.1	PRP74056.1	37.037	270	151	7	19	284	16	270	1.57e-42	166	51.11
AUM86167.1	KAJ7630228.1	35.380	342	178	14	16	338	16	333	1.72e-42	162	47.37
AUM86167.1	KZP23875.1	45.833	216	74	6	86	298	19	194	1.79e-42	160	55.56
AUM86167.1	TFK26683.1	34.328	335	175	14	4	318	18	327	1.85e-42	163	47.16
AUM86167.1	KAF9047830.1	35.671	328	159	15	4	300	14	320	1.89e-42	163	47.26
AUM86167.1	KAG1883922.1	40.304	263	119	12	16	253	15	264	2.19e-42	160	52.09
AUM86167.1	KAJ7348836.1	36.000	300	158	10	1	280	1	286	2.33e-42	164	48.00
AUM86167.1	KAJ6592766.1	35.948	306	162	11	5	291	16	306	2.52e-42	162	47.06
AUM86167.1	KAF9493581.1	35.667	300	150	11	11	280	62	348	2.65e-42	164	47.67
AUM86167.1	KAJ6577336.1	35.669	314	161	14	1	289	1	298	2.65e-42	162	48.73
AUM86167.1	KAF9013080.1	32.370	346	182	11	1	316	10	333	3.28e-42	162	45.38
AUM86167.1	KAI6124350.1	36.735	294	143	11	9	273	8	287	3.28e-42	160	46.94
AUM86167.1	XP_016630521.1	34.884	301	159	7	1	279	1	286	3.55e-42	164	45.85
AUM86167.1	CCA72555.1	32.508	323	145	9	20	282	1	310	3.61e-42	161	44.58
AUM86167.1	KAJ2912036.1	37.333	300	145	13	6	280	10	291	4.98e-42	163	49.67
AUM86167.1	XP_019007932.1	35.948	306	155	11	2	280	3	294	5.20e-42	169	48.69
AUM86167.1	KAF5348338.1	35.932	295	144	10	6	279	7	277	5.22e-42	165	48.81
AUM86167.1	KAG2021178.1	36.585	287	151	11	16	282	15	290	6.34e-42	163	50.17
AUM86167.1	TMW59783.1	32.948	346	200	9	2	330	3	333	6.67e-42	161	44.51
AUM86167.1	XP_051315023.1	36.972	284	146	9	19	280	20	292	7.03e-42	159	47.89
AUM86167.1	KAJ6500795.1	35.777	341	173	14	4	313	5	330	7.39e-42	161	47.51
AUM86167.1	XP_018688207.1	34.839	310	163	8	1	286	1	295	7.93e-42	163	46.13
AUM86167.1	KAF8638893.1	35.880	301	153	12	44	325	20	299	8.23e-42	160	50.83
AUM86167.1	KAF1969267.1	37.024	289	149	12	11	280	10	284	8.45e-42	159	49.13
AUM86167.1	OCF58383.1	33.333	357	179	12	2	313	3	345	8.61e-42	169	44.26
AUM86167.1	KDQ08649.1	35.135	296	155	10	8	281	7	287	9.10e-42	159	47.97
AUM86167.1	KAJ6570235.1	34.754	305	167	10	14	298	15	307	9.47e-42	160	47.54
AUM86167.1	RPB29031.1	36.364	264	143	7	19	280	3	243	9.81e-42	157	49.62
AUM86167.1	KAK5050381.1	32.591	359	205	9	1	337	1	344	1.01e-41	161	46.24
AUM86167.1	KAJ7500432.1	36.789	299	154	11	4	280	1	286	1.04e-41	160	49.50
AUM86167.1	PBL04133.1	36.634	303	153	10	3	279	37	326	1.12e-41	160	47.85
AUM86167.1	KAJ7142133.1	37.634	279	139	10	23	280	22	286	1.19e-41	161	49.10
AUM86167.1	KAJ4475502.1	36.271	295	156	9	4	279	5	286	1.21e-41	163	47.46
AUM86167.1	KAJ7184571.1	36.364	297	156	12	4	280	3	286	1.27e-41	161	50.84
AUM86167.1	XP_060459898.1	34.098	305	156	10	5	280	3	291	1.38e-41	159	46.89
AUM86167.1	KAJ6612269.1	36.156	307	155	12	1	288	8	292	1.42e-41	159	47.23
AUM86167.1	XP_062793024.1	35.410	305	155	12	2	279	3	292	1.47e-41	167	47.87
AUM86167.1	KAF4303386.1	37.241	290	156	7	6	279	5	284	1.60e-41	158	47.59
AUM86167.1	KAE9400358.1	34.049	326	180	12	2	304	5	318	1.61e-41	160	47.55
AUM86167.1	XP_018260028.1	35.948	306	152	11	2	280	3	291	1.97e-41	167	47.06
AUM86167.1	KAJ7718950.1	37.124	299	153	11	4	280	1	286	2.15e-41	160	48.83
AUM86167.1	XP_046091232.1	36.364	297	159	9	4	282	5	289	2.25e-41	159	46.80
AUM86167.1	XP_001878077.1	36.395	294	141	12	16	280	2	278	2.35e-41	157	48.64
AUM86167.1	KAF9464509.1	36.213	301	158	12	1	280	1	288	2.57e-41	160	50.50
AUM86167.1	KAG6818885.1	33.795	361	195	13	18	355	17	356	2.85e-41	160	45.71
AUM86167.1	EJD54502.1	35.897	312	150	10	6	280	5	303	3.01e-41	158	47.76
AUM86167.1	KDQ19064.1	36.066	305	151	11	6	279	5	296	3.25e-41	158	45.90
AUM86167.1	KAF5377935.1	36.538	312	161	13	18	305	21	319	3.30e-41	159	47.44
AUM86167.1	XP_013257070.1	36.177	293	158	8	5	279	5	286	3.45e-41	160	47.44
AUM86167.1	KAF9506578.1	34.768	302	163	8	1	280	1	290	3.47e-41	157	48.01
AUM86167.1	KIL68458.1	34.551	301	158	11	2	280	3	286	4.16e-41	157	47.84
AUM86167.1	KAF7359076.1	35.443	316	152	13	4	280	5	307	4.35e-41	160	47.47
AUM86167.1	XP_016620042.1	34.551	301	160	7	1	279	1	286	5.27e-41	160	46.18
AUM86167.1	CAF1047116.1	38.492	252	134	6	40	282	83	322	5.73e-41	158	52.38
AUM86167.1	KAI1136309.1	36.678	289	157	9	6	279	7	284	6.23e-41	157	48.79
AUM86167.1	KAJ7671654.1	36.149	296	156	11	4	280	6	287	6.65e-41	157	47.97
AUM86167.1	KAF2498640.1	34.551	301	154	10	1	279	6	285	6.82e-41	157	46.51
AUM86167.1	CEJ80690.1	36.735	294	151	9	4	279	6	282	6.85e-41	157	48.64
AUM86167.1	KAG9007349.1	59.677	124	45	3	168	287	1	123	7.43e-41	154	70.16
AUM86167.1	CAH0017991.1	35.880	301	156	10	7	282	5	293	8.00e-41	159	47.84
AUM86167.1	XP_018183102.1	36.424	302	156	9	1	279	1	289	8.48e-41	157	46.69
AUM86167.1	KAJ7445091.1	35.737	319	162	12	19	318	20	314	1.00e-40	158	47.02
AUM86167.1	KAJ7352486.1	36.039	308	161	13	4	289	5	298	1.04e-40	157	48.05
AUM86167.1	XP_043002583.1	35.786	299	153	12	6	279	4	288	1.11e-40	156	48.83
AUM86167.1	KIN97737.1	37.011	281	150	9	9	273	8	277	1.12e-40	156	48.04
AUM86167.1	TMW59784.1	32.620	374	210	12	7	352	11	370	1.15e-40	159	45.19
AUM86167.1	KAF9056913.1	34.694	294	162	8	4	280	5	285	1.21e-40	161	46.26
AUM86167.1	KAJ7133345.1	36.301	292	155	10	8	280	9	288	1.64e-40	157	47.95
AUM86167.1	KAJ7454823.1	34.169	319	174	11	4	298	1	307	1.69e-40	157	46.39
AUM86167.1	KAI0376862.1	37.770	278	146	8	19	280	20	286	1.83e-40	155	48.56
AUM86167.1	KAF8889795.1	36.641	262	139	10	6	253	9	257	1.90e-40	155	51.15
AUM86167.1	KAJ7116367.1	35.315	286	154	9	14	280	14	287	1.98e-40	157	48.60
AUM86167.1	OAQ86421.1	35.625	320	161	10	1	297	1	298	1.98e-40	160	45.94
AUM86167.1	CAK5270783.1	34.125	337	174	12	19	335	29	337	2.02e-40	157	45.10
AUM86167.1	KIK60325.1	35.077	325	173	13	2	301	8	319	2.21e-40	157	48.00
AUM86167.1	KAJ6630341.1	34.202	307	164	10	1	280	1	296	2.26e-40	159	45.93
AUM86167.1	KIM95301.1	34.106	302	160	8	1	279	1	286	2.28e-40	155	45.03
AUM86167.1	KAF9528239.1	35.786	299	152	10	6	280	7	289	2.28e-40	160	48.49
AUM86167.1	KAI0063966.1	35.714	308	157	10	1	279	161	456	2.60e-40	162	47.40
AUM86167.1	CEN61973.1	32.923	325	184	10	2	305	7	318	2.65e-40	157	45.85
AUM86167.1	KAI6101922.1	34.713	314	160	11	1	282	1	301	2.67e-40	156	47.13
AUM86167.1	KAJ4299408.1	36.364	297	158	10	1	279	1	284	2.92e-40	155	47.47
AUM86167.1	CAF1068498.1	37.450	251	138	5	40	282	12	251	3.12e-40	154	51.39
AUM86167.1	KAF7300191.1	35.714	336	177	15	1	317	1	316	3.14e-40	164	48.51
AUM86167.1	KAF5712587.1	37.024	289	142	8	17	280	15	288	3.32e-40	155	47.06
AUM86167.1	KAK0636799.1	36.093	302	157	10	4	281	1	290	3.57e-40	155	48.01
AUM86167.1	KIM60439.1	34.405	311	160	10	3	282	4	301	3.70e-40	155	45.66
AUM86167.1	KAJ7746606.1	35.739	291	154	10	12	282	21	298	3.78e-40	155	47.42
AUM86167.1	KIK64418.1	34.740	308	153	10	6	281	9	300	3.89e-40	155	46.75
AUM86167.1	PRP84539.1	36.462	277	156	6	17	284	664	929	4.09e-40	164	50.54
AUM86167.1	PRP84539.1	35.836	293	151	9	17	284	15	295	3.00e-38	159	49.83
AUM86167.1	XP_019000045.1	36.076	316	151	12	19	299	20	319	4.14e-40	162	46.84
AUM86167.1	KAG8911118.1	60.000	115	44	2	168	281	1	114	4.29e-40	152	73.04
AUM86167.1	KZW00468.1	35.350	314	149	12	8	280	11	311	4.68e-40	155	47.77
AUM86167.1	KAF8228797.1	35.786	299	157	12	6	281	8	294	4.70e-40	156	47.16
AUM86167.1	KAI9731217.1	35.275	309	154	10	1	281	1	291	5.45e-40	157	45.63
AUM86167.1	GAW03004.1	36.364	297	159	9	4	282	5	289	5.66e-40	159	46.80
AUM86167.1	KAJ7242755.1	35.256	312	167	13	1	289	1	300	5.82e-40	155	46.15
AUM86167.1	KIY46248.1	37.037	297	148	12	7	279	9	290	6.56e-40	154	47.81
AUM86167.1	KIL67972.1	35.354	297	146	12	4	273	8	285	8.62e-40	154	49.49
AUM86167.1	GFZ47836.1	33.903	351	168	15	1	315	1	323	1.10e-39	162	46.72
AUM86167.1	KAF8227927.1	37.857	280	141	11	15	274	15	281	1.12e-39	154	51.43
AUM86167.1	OTA98336.1	35.563	284	148	10	19	279	20	291	1.19e-39	154	47.89
AUM86167.1	KAJ7290212.1	37.545	277	140	13	23	279	25	288	1.21e-39	156	51.99
AUM86167.1	KZV99282.1	35.144	313	166	11	4	292	7	306	1.24e-39	156	47.28
AUM86167.1	RDB14866.1	35.690	297	158	10	8	282	12	297	1.24e-39	155	47.14
AUM86167.1	RFU30388.1	33.429	347	197	10	7	331	6	340	1.27e-39	157	46.40
AUM86167.1	KAJ3498061.1	36.949	295	153	9	2	279	5	283	1.29e-39	153	46.44
AUM86167.1	PRQ71199.1	34.564	298	162	12	6	287	13	293	1.36e-39	157	48.66
AUM86167.1	KAJ6517256.1	36.093	302	155	12	1	280	1	286	1.41e-39	155	47.35
AUM86167.1	RDB19405.1	36.027	297	157	10	4	280	3	286	1.47e-39	157	48.48
AUM86167.1	KAJ6611709.1	35.690	297	164	10	1	281	1	286	1.53e-39	154	47.14
AUM86167.1	KAF5318169.1	35.395	291	155	10	15	285	16	293	1.54e-39	157	48.80
AUM86167.1	KAJ7290046.1	36.000	300	158	10	4	282	6	292	1.72e-39	154	46.33
AUM86167.1	KDQ25667.1	34.505	313	157	12	1	283	1	295	1.82e-39	153	46.01
AUM86167.1	KAF9263160.1	35.714	308	157	10	4	282	2	297	1.87e-39	159	45.45
AUM86167.1	PRP86646.1	34.106	302	153	9	6	284	515	793	1.88e-39	162	48.01
AUM86167.1	PRP86646.1	31.494	308	155	10	9	289	15	293	6.87e-33	142	45.78
AUM86167.1	KAF5369151.1	36.207	290	145	11	13	279	15	287	1.93e-39	157	48.28
AUM86167.1	KAG2122434.1	38.408	289	131	14	16	273	15	287	2.23e-39	154	50.17
AUM86167.1	KAJ7022571.1	34.969	326	172	13	15	320	16	321	2.31e-39	154	47.24
AUM86167.1	SJK99699.1	36.149	296	154	10	4	279	5	285	2.33e-39	153	47.30
AUM86167.1	XP_052948210.1	32.692	312	144	8	39	329	7	273	2.40e-39	152	45.83
AUM86167.1	TFK24631.1	39.249	293	143	12	9	279	8	287	2.40e-39	153	49.49
AUM86167.1	KAF8646686.1	37.282	287	139	12	17	279	18	287	2.51e-39	154	50.87
AUM86167.1	TEB24653.1	36.042	283	147	12	19	280	18	287	3.12e-39	153	49.82
AUM86167.1	KAF5386713.1	37.184	277	141	11	23	279	22	285	3.15e-39	156	48.38
AUM86167.1	XP_018275525.1	32.781	302	164	7	8	282	4	293	3.25e-39	153	46.03
AUM86167.1	KAI5797814.1	38.697	261	130	7	19	275	21	255	3.29e-39	157	47.89
AUM86167.1	OCK96932.1	35.192	287	157	7	11	279	10	285	3.46e-39	152	44.60
AUM86167.1	KAI6014656.1	34.426	305	162	10	1	282	75	364	3.88e-39	155	47.87
AUM86167.1	KAH7304735.1	37.086	302	154	10	4	281	1	290	3.90e-39	152	46.36
AUM86167.1	OTB14934.1	34.768	302	154	8	6	279	7	293	4.14e-39	152	45.03
AUM86167.1	KAJ7612109.1	36.634	303	155	13	1	280	1	289	4.23e-39	155	49.83
AUM86167.1	KAH7053392.1	37.282	287	134	7	19	279	21	287	4.40e-39	152	45.64
AUM86167.1	GLB38693.1	34.877	324	170	12	12	312	15	320	4.41e-39	154	45.99
AUM86167.1	KAJ6606041.1	36.177	293	151	13	1	274	1	276	5.08e-39	152	49.15
AUM86167.1	KAJ6530987.1	34.603	315	171	11	9	305	10	307	6.21e-39	153	47.30
AUM86167.1	KAK4161707.1	33.224	304	162	8	2	279	6	294	6.38e-39	152	44.41
AUM86167.1	KAF4257329.1	34.354	294	158	9	8	280	6	285	6.42e-39	151	47.28
AUM86167.1	EEB93106.1	36.713	286	132	12	18	273	21	287	6.58e-39	152	49.65
AUM86167.1	KAG9316970.1	31.051	409	226	15	11	380	15	406	6.92e-39	155	44.99
AUM86167.1	TQV92291.1	34.746	354	186	11	38	369	38	368	7.33e-39	160	45.76
AUM86167.1	XP_022512448.1	35.000	300	147	6	1	279	1	273	7.36e-39	155	44.33
AUM86167.1	KAF8959707.1	34.589	292	150	9	9	273	8	285	8.46e-39	151	47.26
AUM86167.1	KAF6758275.1	35.664	286	146	11	17	279	20	290	8.51e-39	155	47.90
AUM86167.1	KAH7131555.1	35.017	297	158	9	7	280	5	289	8.85e-39	151	45.79
AUM86167.1	KAF7291758.1	36.000	325	172	13	2	305	6	315	9.31e-39	152	48.00
AUM86167.1	KAF9056912.1	33.555	301	166	10	2	281	8	295	9.38e-39	152	47.18
AUM86167.1	OTA89157.1	35.587	281	154	9	16	280	17	286	1.07e-38	151	48.75
AUM86167.1	KAF7562633.1	36.842	285	144	9	19	279	531	803	1.08e-38	159	48.07
AUM86167.1	KAJ7819796.1	35.664	286	158	9	6	279	5	276	1.18e-38	158	47.90
AUM86167.1	KDR69809.1	33.333	336	176	11	6	313	1	316	1.19e-38	152	44.35
AUM86167.1	SJL08015.1	34.948	289	148	11	15	279	14	286	1.21e-38	152	47.40
AUM86167.1	KAF8237042.1	35.880	301	159	10	1	280	1	288	1.26e-38	152	46.51
AUM86167.1	KAI1834739.1	33.446	296	166	9	4	280	1	284	1.30e-38	150	47.64
AUM86167.1	KAI5989970.1	33.225	307	164	9	1	282	1	291	1.56e-38	151	46.25
AUM86167.1	KAJ9106717.1	33.099	284	126	7	11	281	13	245	1.70e-38	154	44.72
AUM86167.1	KAI6101950.1	33.333	291	162	8	5	279	4	278	1.86e-38	150	47.08
AUM86167.1	KAJ7494287.1	35.238	315	155	12	4	280	1	304	1.87e-38	153	46.67
AUM86167.1	KAJ7806866.1	33.784	296	161	9	6	280	7	288	1.92e-38	152	45.61
AUM86167.1	KAJ6567126.1	36.000	300	156	12	4	280	1	287	1.95e-38	153	47.67
AUM86167.1	XP_025548269.1	32.414	290	165	10	1	273	1	276	2.53e-38	150	48.28
AUM86167.1	KAH7927685.1	35.826	321	145	14	1	279	4	305	2.66e-38	151	46.11
AUM86167.1	KAE9405808.1	33.119	311	163	9	4	280	5	304	2.74e-38	151	44.37
AUM86167.1	KAG7042770.1	36.393	305	151	12	2	280	3	290	2.76e-38	150	47.21
AUM86167.1	KAG6375213.1	35.197	304	163	10	6	289	10	299	3.09e-38	150	47.37
AUM86167.1	KAK5998284.1	34.653	303	162	8	1	280	2	291	3.20e-38	150	44.55
AUM86167.1	CAF4112418.1	37.349	249	135	6	43	282	143	379	3.75e-38	152	51.81
AUM86167.1	KAG5640879.1	36.237	287	127	12	50	295	20	291	4.18e-38	150	48.08
AUM86167.1	KAJ7086052.1	35.052	291	156	10	4	273	1	279	4.47e-38	149	46.39
AUM86167.1	KAJ6448877.1	34.722	288	153	12	14	280	15	288	4.91e-38	149	47.57
AUM86167.1	TFK34779.1	33.223	301	161	10	6	280	25	311	5.01e-38	151	44.52
AUM86167.1	TFL00990.1	33.784	296	148	10	5	273	7	281	5.07e-38	149	45.61
AUM86167.1	GAT49547.1	34.426	305	162	12	2	280	6	298	5.09e-38	150	47.54
AUM86167.1	KAH6917100.1	33.449	287	160	9	12	279	45	319	5.13e-38	152	45.64
AUM86167.1	XP_001835509.1	36.260	262	129	10	41	280	50	295	5.16e-38	149	49.24
AUM86167.1	KAJ3785498.1	34.667	300	160	9	4	282	5	289	5.29e-38	154	46.67
AUM86167.1	KAF8308935.1	33.770	305	157	11	4	279	9	297	5.58e-38	149	45.90
AUM86167.1	CAK5275406.1	35.099	302	157	12	1	279	1	286	5.84e-38	151	48.34
AUM86167.1	THU95040.1	34.783	299	153	11	5	273	4	290	6.73e-38	149	46.15
AUM86167.1	KAH9992699.1	35.254	295	157	8	3	279	8	286	7.04e-38	149	47.12
AUM86167.1	KIN97734.1	35.636	275	139	10	4	253	52	313	7.31e-38	150	47.27
AUM86167.1	KAJ8093962.1	33.824	340	163	13	6	290	11	343	7.32e-38	154	44.71
AUM86167.1	CAF0980966.1	35.069	288	162	9	4	279	6	280	7.45e-38	149	47.57
AUM86167.1	XP_001877230.1	35.443	316	156	14	4	280	9	315	7.83e-38	149	45.89
AUM86167.1	XP_057129150.1	33.898	295	158	9	8	280	6	285	1.05e-37	148	47.12
AUM86167.1	KIW62805.1	35.855	304	157	8	1	281	1	289	1.11e-37	152	44.74
AUM86167.1	KIN08100.1	33.003	303	155	10	1	279	5	283	1.34e-37	148	47.52
AUM86167.1	KAK2768260.1	31.849	292	170	8	6	279	4	284	1.37e-37	153	49.32
AUM86167.1	KAJ7482982.1	34.451	328	164	11	16	322	16	313	1.50e-37	149	46.34
AUM86167.1	ORY25660.1	32.899	307	161	11	4	284	8	295	1.55e-37	149	46.58
AUM86167.1	TEB28860.1	35.238	315	163	13	18	303	2	304	1.61e-37	149	46.03
AUM86167.1	KIM49751.1	33.798	287	144	10	17	273	17	287	1.67e-37	148	47.04
AUM86167.1	TFK64060.1	33.758	314	168	12	2	288	4	304	1.79e-37	149	46.82
AUM86167.1	KPM37038.1	35.943	281	146	8	23	280	21	290	1.94e-37	148	46.98
AUM86167.1	XP_037217290.1	34.021	291	164	10	6	279	10	289	1.95e-37	149	46.74
AUM86167.1	XP_007768205.1	35.439	285	144	9	23	282	22	291	1.96e-37	149	48.07
AUM86167.1	KAH8897803.1	34.768	302	159	10	1	280	1	286	2.28e-37	147	46.36
AUM86167.1	XP_056545860.1	35.938	256	137	7	41	280	41	285	2.52e-37	147	50.00
AUM86167.1	TEB28861.1	34.286	315	165	12	15	300	24	325	2.68e-37	149	45.71
AUM86167.1	CAI6334187.1	34.228	298	165	10	1	279	80	365	2.72e-37	150	47.99
AUM86167.1	XP_056068931.1	36.426	291	151	12	9	279	8	284	2.74e-37	147	48.45
AUM86167.1	XP_019002112.1	33.564	289	145	11	4	279	5	259	3.43e-37	151	47.75
AUM86167.1	KAJ3524414.1	32.229	332	178	12	15	319	24	335	3.52e-37	149	43.37
AUM86167.1	KIY46927.1	33.648	318	159	10	5	284	1	304	3.68e-37	147	44.34
AUM86167.1	KAJ4473776.1	35.390	308	165	12	18	304	25	319	3.77e-37	149	47.08
AUM86167.1	XP_019042384.1	32.384	281	143	10	8	275	9	255	3.87e-37	150	47.69
AUM86167.1	KAF9078041.1	36.525	282	143	11	18	281	22	285	4.06e-37	148	48.23
AUM86167.1	KAF9032945.1	32.886	298	159	8	4	275	8	290	4.08e-37	147	44.30
AUM86167.1	KAH6957632.1	36.042	283	147	8	23	282	21	292	4.20e-37	147	47.00
AUM86167.1	KAJ7078020.1	35.211	284	153	9	17	281	17	288	4.42e-37	148	47.18
AUM86167.1	KAF8074005.1	33.846	325	180	11	8	309	12	324	4.59e-37	148	44.92
AUM86167.1	KAF7323432.1	35.452	299	157	12	4	279	2	287	4.69e-37	150	47.16
AUM86167.1	KAI0063967.1	33.974	312	155	10	1	278	1	295	5.10e-37	147	45.19
AUM86167.1	RSL86941.1	36.071	280	145	8	23	279	21	289	5.35e-37	146	47.86
AUM86167.1	KAH6994015.1	35.333	300	140	8	23	281	21	307	5.63e-37	147	44.33
AUM86167.1	KAJ7048201.1	33.555	301	160	10	44	327	47	324	6.18e-37	148	46.84
AUM86167.1	KAF9505295.1	34.459	296	159	11	1	274	1	283	6.47e-37	146	48.31
AUM86167.1	KAG5640954.1	37.288	236	118	6	61	279	6	228	7.06e-37	147	50.85
AUM86167.1	KAJ7160373.1	35.088	285	154	10	9	274	10	282	7.39e-37	146	47.72
AUM86167.1	KIJ36910.1	37.118	229	109	4	71	279	1	214	9.06e-37	144	47.16
AUM86167.1	XP_033685041.1	35.739	291	155	11	11	282	10	287	9.15e-37	146	47.08
AUM86167.1	KAJ6444104.1	37.308	260	131	7	41	279	162	410	9.22e-37	149	48.46
AUM86167.1	KAI6773850.1	36.749	283	139	8	23	280	21	288	9.97e-37	149	46.64
AUM86167.1	KAF8906344.1	34.354	294	152	11	14	279	2	282	1.11e-36	145	46.26
AUM86167.1	XP_049154505.1	34.228	298	160	8	6	279	7	292	1.16e-36	145	44.30
AUM86167.1	PVI04907.1	33.663	303	169	9	1	282	1	292	1.25e-36	145	46.53
AUM86167.1	KAE9409025.1	34.884	301	161	9	4	282	5	292	1.38e-36	146	45.51
AUM86167.1	KAF5864617.1	31.973	294	171	9	4	280	2	283	1.44e-36	145	46.26
AUM86167.1	KAF9519655.1	34.754	305	157	9	1	280	1	288	1.44e-36	145	45.57
AUM86167.1	KAJ3983323.1	33.448	290	169	6	4	282	5	281	1.49e-36	145	45.52
AUM86167.1	KZW00469.1	35.275	309	153	13	1	279	1	292	1.49e-36	145	47.25
AUM86167.1	XP_018263708.1	32.765	293	148	11	1	279	1	258	1.60e-36	149	47.10
AUM86167.1	XP_038920062.1	54.478	134	49	2	120	253	13	134	1.62e-36	144	60.45
AUM86167.1	KAI6014658.1	34.333	300	153	11	5	273	4	290	1.65e-36	145	46.00
AUM86167.1	XP_052949098.1	34.545	275	132	11	14	275	19	258	1.66e-36	148	48.36
AUM86167.1	PBK84224.1	34.629	283	145	11	15	273	14	280	1.80e-36	145	47.00
AUM86167.1	TFK27566.1	34.333	300	163	10	4	282	21	307	1.82e-36	145	46.00
AUM86167.1	KAH7101427.1	37.692	260	123	10	44	279	46	290	1.91e-36	149	50.00
AUM86167.1	KAI0842323.1	35.517	290	149	10	7	279	5	273	1.94e-36	144	46.55
AUM86167.1	KZV82398.1	32.595	316	168	10	1	284	1	303	2.05e-36	145	45.57
AUM86167.1	KJA19114.1	35.667	300	160	10	1	280	1	287	2.05e-36	148	46.00
AUM86167.1	KAJ9614367.1	35.689	283	146	7	19	279	19	287	2.14e-36	149	46.29
AUM86167.1	KAI1455606.1	35.315	286	148	9	19	279	20	293	2.20e-36	145	45.45
AUM86167.1	KAJ4471107.1	35.069	288	161	9	4	277	5	280	2.35e-36	144	46.88
AUM86167.1	KAF9552647.1	36.842	285	145	11	18	280	36	307	2.35e-36	147	47.37
AUM86167.1	KAJ7580750.1	33.574	277	161	7	16	280	24	289	2.48e-36	145	46.93
AUM86167.1	KAH8652406.1	32.329	365	188	12	6	343	5	337	2.58e-36	146	45.21
AUM86167.1	KAI0287995.1	35.762	302	165	10	40	318	23	318	2.78e-36	147	48.01
AUM86167.1	KAI1187396.1	32.317	328	188	9	1	306	1	316	2.85e-36	147	44.21
AUM86167.1	KAH7241287.1	30.541	370	206	9	8	348	4	351	3.11e-36	146	43.51
AUM86167.1	KAF7592268.1	32.765	293	168	9	5	280	6	286	3.19e-36	144	45.73
AUM86167.1	XP_008731148.1	34.539	304	161	8	1	281	1	289	3.55e-36	147	44.74
AUM86167.1	CAF1097575.1	37.849	251	131	8	40	279	15	251	3.56e-36	143	49.80
AUM86167.1	KIK01335.1	34.653	303	147	15	4	273	10	294	3.88e-36	145	48.18
AUM86167.1	KAJ7584546.1	35.069	288	150	11	19	282	20	294	4.14e-36	145	47.57
AUM86167.1	KAK3050975.1	35.889	287	146	10	17	282	13	282	4.41e-36	144	48.43
AUM86167.1	KAF2186206.1	32.448	339	186	11	41	358	17	333	4.47e-36	145	45.43
AUM86167.1	CAG7847402.1	34.304	309	153	11	5	279	3	295	4.53e-36	145	43.69
AUM86167.1	KAK4687237.1	33.562	292	151	12	15	280	32	306	4.71e-36	145	49.32
AUM86167.1	KAJ3777251.1	34.471	293	156	9	8	279	9	286	5.01e-36	148	46.42
AUM86167.1	KAH7383770.1	33.876	307	158	11	41	324	17	301	5.44e-36	146	46.25
AUM86167.1	KAF8823650.1	34.797	296	153	12	8	280	8	286	6.21e-36	144	45.61
AUM86167.1	XP_014181917.1	32.353	340	159	11	1	280	1	329	6.30e-36	150	44.12
AUM86167.1	WVQ80688.1	35.540	287	150	11	17	278	4	280	6.62e-36	144	46.69
AUM86167.1	KAJ7685992.1	33.922	283	156	8	19	282	20	290	6.66e-36	145	45.94
AUM86167.1	OQE15725.1	32.414	290	167	8	8	279	6	284	6.67e-36	144	47.24
AUM86167.1	KIY51548.1	36.039	308	159	12	6	280	6	308	6.72e-36	144	45.78
AUM86167.1	KAF7375133.1	34.505	313	146	14	12	282	13	308	6.82e-36	145	44.73
AUM86167.1	PVF99774.1	33.333	285	148	10	27	282	1	272	7.13e-36	144	47.02
AUM86167.1	KAI0155446.1	33.667	300	166	9	2	279	3	291	7.29e-36	144	44.33
AUM86167.1	KAF8913300.1	31.438	299	174	7	1	280	1	287	7.34e-36	147	45.82
AUM86167.1	KAB5511574.1	34.314	306	165	8	4	288	3	293	7.59e-36	151	46.41
AUM86167.1	KAI1770593.1	35.354	297	157	10	6	279	7	291	7.68e-36	144	46.13
AUM86167.1	KIK64405.1	34.122	296	166	9	2	279	4	288	8.15e-36	144	46.28
AUM86167.1	KAJ3900912.1	34.680	297	154	12	9	282	9	288	8.21e-36	144	46.13
AUM86167.1	PPQ98999.1	34.472	322	141	15	4	275	24	325	8.86e-36	144	45.65
AUM86167.1	KAF7323333.1	36.861	274	139	11	27	279	216	476	8.92e-36	150	47.81
AUM86167.1	KAH7096963.1	30.874	366	195	14	6	343	5	340	8.99e-36	146	44.81
AUM86167.1	KAK0715594.1	33.333	288	167	5	7	279	6	283	9.52e-36	143	42.36
AUM86167.1	KAK5166473.1	34.948	289	151	9	12	279	10	282	1.16e-35	143	47.40
AUM86167.1	KAJ7671653.1	31.692	325	169	12	1	298	1	299	1.26e-35	144	44.92
AUM86167.1	KAJ3765688.1	32.602	319	177	12	4	301	11	312	1.27e-35	144	44.83
AUM86167.1	XP_046090202.1	34.859	284	155	10	16	281	23	294	1.31e-35	144	45.77
AUM86167.1	KAF6758555.1	34.386	285	147	10	17	279	20	286	1.36e-35	145	45.61
AUM86167.1	TAQ89180.1	32.051	390	204	12	1	355	1	364	1.37e-35	145	44.36
AUM86167.1	KAI0280328.1	38.911	257	138	9	55	302	7	253	1.43e-35	142	47.86
AUM86167.1	KAH6670960.1	31.742	356	193	11	9	328	7	348	1.63e-35	145	42.42
AUM86167.1	KAJ6611719.1	34.615	260	147	8	4	251	6	254	1.82e-35	141	48.08
AUM86167.1	KAF4473112.1	36.170	282	136	8	23	282	21	280	2.23e-35	142	45.74
AUM86167.1	KAI1442607.1	34.965	286	149	9	19	279	20	293	2.30e-35	142	44.76
AUM86167.1	KAF8554672.1	34.628	309	154	12	8	282	10	304	2.31e-35	143	45.95
AUM86167.1	KAF8191670.1	33.673	294	162	10	6	279	5	285	2.35e-35	143	45.24
AUM86167.1	KAJ7742353.1	35.125	279	150	10	15	274	15	281	2.38e-35	142	47.67
AUM86167.1	KAF9005326.1	30.769	299	176	7	1	280	1	287	2.41e-35	145	45.82
AUM86167.1	KAJ6460359.1	32.770	296	145	9	41	296	45	326	2.46e-35	144	44.93
AUM86167.1	RFU24608.1	32.990	291	165	8	9	280	8	287	2.55e-35	142	44.67
AUM86167.1	XP_014543483.1	35.117	299	156	8	5	279	1	285	2.56e-35	142	44.82
AUM86167.1	KAF9256181.1	35.099	302	150	13	6	280	4	286	2.96e-35	142	46.36
AUM86167.1	KIN97736.1	34.007	297	143	10	27	279	26	313	3.65e-35	143	45.45
AUM86167.1	KAF4580251.1	36.471	255	121	10	54	280	7	248	3.81e-35	149	48.24
AUM86167.1	XP_031864295.1	33.444	302	146	10	11	279	722	1001	4.00e-35	149	45.36
AUM86167.1	KAH6919310.1	33.564	289	146	9	17	279	20	288	4.22e-35	144	47.40
AUM86167.1	KAJ7039542.1	36.047	258	138	9	12	255	2	246	4.37e-35	141	47.29
AUM86167.1	KAF2267182.1	33.742	326	173	13	16	315	15	323	4.60e-35	144	44.79
AUM86167.1	KAG6909396.1	38.767	227	110	7	63	280	6	212	4.64e-35	142	50.66
AUM86167.1	XP_019051361.1	36.842	247	126	7	50	279	40	273	5.25e-35	149	48.58
AUM86167.1	KAF5372097.1	34.457	267	139	9	9	251	9	263	5.39e-35	140	46.82
AUM86167.1	KAJ4496300.1	35.461	282	150	11	19	281	73	341	5.69e-35	144	46.45
AUM86167.1	KAF9524967.1	33.443	305	160	11	5	280	11	301	5.80e-35	142	45.90
AUM86167.1	TRM60588.1	32.660	297	168	11	6	274	8	300	5.92e-35	141	46.46
AUM86167.1	KAJ3561740.1	35.370	311	161	14	5	293	14	306	6.69e-35	142	46.95
AUM86167.1	RFU34718.1	34.551	301	163	9	1	280	1	288	7.07e-35	141	46.51
AUM86167.1	XP_013332110.1	36.759	253	127	9	38	271	38	276	7.15e-35	141	49.01
AUM86167.1	XP_056937525.1	32.639	288	162	9	4	273	5	278	7.79e-35	140	47.22
AUM86167.1	KAJ3983325.1	35.816	282	146	12	19	279	20	287	7.88e-35	142	47.52
AUM86167.1	KAF8912290.1	35.915	284	149	9	16	279	11	281	8.50e-35	140	47.54
AUM86167.1	KIY46262.1	33.893	298	167	8	4	280	28	316	9.40e-35	142	42.95
AUM86167.1	KAK3353235.1	32.595	316	179	8	17	315	16	314	9.55e-35	146	43.04
AUM86167.1	KAJ4475503.1	34.106	302	158	14	3	282	6	288	1.07e-34	142	47.02
AUM86167.1	CAA7260299.1	32.378	349	176	14	16	336	22	338	1.15e-34	142	41.83
AUM86167.1	KAG8836044.1	35.135	259	136	9	41	279	16	262	1.17e-34	141	47.49
AUM86167.1	ORY25065.1	35.254	295	154	11	5	275	5	286	1.21e-34	144	48.14
AUM86167.1	KAJ7174185.1	33.793	290	159	11	4	273	6	282	1.34e-34	140	46.21
AUM86167.1	KIM34148.1	33.770	305	160	11	6	280	4	296	1.39e-34	143	45.90
AUM86167.1	PPQ96400.1	34.932	292	145	12	16	280	33	306	1.45e-34	142	46.23
AUM86167.1	KAH7082657.1	34.653	303	150	11	41	322	17	292	1.86e-34	142	46.20
AUM86167.1	KAH4029569.1	32.476	311	174	11	4	292	6	302	1.95e-34	143	45.98
AUM86167.1	KAK1218116.1	34.000	300	152	10	6	280	7	285	2.17e-34	139	46.67
AUM86167.1	KIY71843.1	33.125	320	165	13	40	336	41	334	2.22e-34	141	46.25
AUM86167.1	XP_021967733.1	34.228	298	160	10	4	280	1	283	2.54e-34	139	46.31
AUM86167.1	KAK4207403.1	33.779	299	159	7	7	279	6	291	2.56e-34	139	42.81
AUM86167.1	CAF1158396.1	37.052	251	133	8	40	279	15	251	2.79e-34	138	50.20
AUM86167.1	OAQ97907.1	37.500	240	126	6	53	279	12	240	2.92e-34	138	48.33
AUM86167.1	KAK3997737.1	35.496	262	135	7	41	279	44	294	3.16e-34	144	45.42
AUM86167.1	CDZ98793.1	38.462	234	99	10	71	279	1	214	3.17e-34	139	50.43
AUM86167.1	XP_033573878.1	33.704	270	136	10	1	248	6	254	3.19e-34	138	46.67
AUM86167.1	KAF2459869.1	34.276	283	157	9	1	265	1	272	3.36e-34	139	47.35
AUM86167.1	CCA71530.1	34.892	278	139	12	23	279	8	264	3.36e-34	138	47.48
AUM86167.1	KAI1408390.1	33.220	295	161	9	6	280	7	285	3.65e-34	139	47.12
AUM86167.1	CAJ2512527.1	33.564	289	161	8	8	279	7	281	3.68e-34	139	44.64
AUM86167.1	ORY88298.1	34.035	285	162	12	9	279	11	283	4.12e-34	142	49.82
AUM86167.1	KAI1174144.1	33.221	298	168	8	1	279	1	286	4.29e-34	139	43.96
AUM86167.1	KAJ8469013.1	38.554	249	118	10	27	253	1	236	4.54e-34	146	49.00
AUM86167.1	KAF4617821.1	33.887	301	163	12	5	281	9	297	4.62e-34	139	46.18
AUM86167.1	OAL02191.1	31.778	343	186	11	17	323	16	346	4.70e-34	140	42.86
AUM86167.1	GAW09987.1	34.982	283	156	10	16	281	23	294	4.86e-34	145	45.58
AUM86167.1	KAJ7723815.1	32.792	308	160	13	2	277	7	299	5.01e-34	139	46.75
AUM86167.1	KAH8821320.1	33.221	298	166	9	2	280	4	287	5.33e-34	139	44.63
AUM86167.1	KFY94807.1	32.432	296	161	9	7	279	6	285	5.37e-34	138	45.61
AUM86167.1	KAJ3731801.1	33.452	281	156	10	13	273	20	289	5.98e-34	138	45.55
AUM86167.1	KAF2100874.1	33.893	298	155	11	5	279	2	280	6.21e-34	138	47.65
AUM86167.1	XP_047751169.1	34.677	248	117	9	44	280	22	235	6.29e-34	140	48.39
AUM86167.1	KAI1158901.1	34.630	257	140	6	41	280	42	287	7.06e-34	141	46.69
AUM86167.1	PRP87496.1	28.607	402	191	15	1	352	5	360	7.23e-34	143	42.54
AUM86167.1	KAI1111157.1	32.890	301	171	8	1	282	1	289	7.78e-34	140	44.19
AUM86167.1	KAI1404206.1	31.803	305	167	8	1	279	1	290	9.17e-34	138	43.28
AUM86167.1	EJD40562.1	33.333	303	163	10	6	280	7	298	1.04e-33	139	45.87
AUM86167.1	KAJ3755099.1	34.138	290	164	12	6	279	11	289	1.05e-33	138	46.90
AUM86167.1	PSN71810.1	34.231	260	141	7	38	279	14	261	1.11e-33	139	46.54
AUM86167.1	KAJ7178764.1	36.400	250	130	8	41	273	17	254	1.11e-33	137	48.00
AUM86167.1	KAE9405803.1	33.110	299	160	10	2	279	5	284	1.15e-33	139	44.48
AUM86167.1	KAJ2917948.1	32.950	261	135	9	6	242	13	257	1.17e-33	137	46.74
AUM86167.1	KAJ7891382.1	36.471	255	130	8	46	279	26	269	1.23e-33	138	49.41
AUM86167.1	RGP70849.1	35.294	289	148	7	17	281	15	288	1.27e-33	137	44.29
AUM86167.1	KAK1921150.1	33.333	276	134	10	18	279	23	262	1.28e-33	140	47.83
AUM86167.1	XP_001835502.2	33.882	304	157	13	5	280	14	301	1.31e-33	138	47.04
AUM86167.1	MCJ1445427.1	32.534	292	165	9	8	279	4	283	1.31e-33	137	45.55
AUM86167.1	KAK4330533.1	34.256	289	155	13	17	287	80	351	1.95e-33	141	47.40
AUM86167.1	XP_043039020.1	35.165	273	145	10	27	279	27	287	1.98e-33	138	48.35
AUM86167.1	KAF2006787.1	33.123	317	171	11	17	305	16	319	2.00e-33	138	43.53
AUM86167.1	KAI5458749.1	34.752	282	149	8	23	280	21	291	2.01e-33	137	45.74
AUM86167.1	KAK3113023.1	34.564	298	156	10	4	279	2	282	2.40e-33	139	45.97
AUM86167.1	KAH6899228.1	36.042	283	135	11	17	280	20	275	2.60e-33	139	47.35
AUM86167.1	KIY64670.1	31.544	298	165	9	2	279	6	284	2.84e-33	140	44.97
AUM86167.1	XP_035701239.1	34.783	299	154	13	4	280	22	301	3.37e-33	137	47.49
AUM86167.1	TXT15888.1	32.258	279	157	8	22	279	1	268	3.42e-33	136	45.88
AUM86167.1	KAI1077968.1	35.556	270	145	9	27	279	26	283	3.55e-33	136	47.41
AUM86167.1	KAH8925420.1	36.187	257	131	11	43	279	45	288	3.59e-33	137	48.64
AUM86167.1	OAL45637.1	33.016	315	178	9	41	336	17	317	4.57e-33	139	44.44
AUM86167.1	KAH8817193.1	32.753	287	161	8	7	273	6	280	4.78e-33	136	44.60
AUM86167.1	KAJ3806350.1	33.333	303	161	9	4	276	5	296	5.11e-33	136	43.89
AUM86167.1	KIM93034.1	33.080	263	149	6	8	253	7	259	5.27e-33	135	45.25
AUM86167.1	KAJ2971520.1	35.000	300	157	9	1	280	4	285	5.28e-33	135	45.00
AUM86167.1	KAK5735674.1	32.432	333	183	10	15	323	12	326	7.20e-33	137	45.95
AUM86167.1	KAJ3572613.1	32.982	285	146	9	24	279	1239	1507	7.87e-33	143	46.32
AUM86167.1	KAJ4373056.1	34.130	293	159	10	9	279	8	288	7.93e-33	138	46.08
AUM86167.1	KAG8727884.1	53.448	116	50	1	1	112	1	116	8.50e-33	130	64.66
AUM86167.1	KAF9009666.1	34.667	225	127	8	6	215	9	228	8.55e-33	134	50.67
AUM86167.1	KAJ4385058.1	34.100	261	141	6	41	279	42	293	1.01e-32	135	45.59
AUM86167.1	RFU82186.1	35.938	256	137	7	41	280	42	286	1.09e-32	135	47.66
AUM86167.1	KAJ8519244.1	36.194	268	127	9	1	253	3	241	1.12e-32	135	47.76
AUM86167.1	XP_033552308.1	33.429	347	185	15	27	350	1	324	1.16e-32	137	45.24
AUM86167.1	KAI1255708.1	33.887	301	164	11	1	279	1	288	1.49e-32	135	45.51
AUM86167.1	KAJ4494186.1	34.014	294	166	11	2	280	9	289	1.57e-32	135	44.90
AUM86167.1	KAH8824929.1	32.622	328	166	13	19	318	20	320	1.62e-32	136	43.29
AUM86167.1	KAH7412256.1	32.177	317	169	10	41	323	17	321	1.73e-32	135	43.85
AUM86167.1	XP_051594526.1	33.443	305	143	11	27	282	26	319	1.81e-32	135	43.93
AUM86167.1	KZV85461.1	31.722	331	168	12	19	299	22	344	1.91e-32	137	44.71
AUM86167.1	KAF2732325.1	35.135	259	136	9	41	279	17	263	2.03e-32	136	46.72
AUM86167.1	KAH7361844.1	33.447	293	161	8	9	279	7	287	2.17e-32	136	43.00
AUM86167.1	KAH7130368.1	32.877	292	160	8	41	313	17	291	2.19e-32	134	43.84
AUM86167.1	KAF9261836.1	33.648	318	157	15	4	273	2	313	2.26e-32	135	45.91
AUM86167.1	KAJ9664715.1	33.893	298	161	10	4	279	7	290	2.32e-32	137	45.97
AUM86167.1	KAJ3812088.1	33.660	306	152	14	8	281	8	294	2.54e-32	134	46.08
AUM86167.1	GAW03005.1	32.704	318	154	13	8	282	8	308	2.64e-32	135	42.77
AUM86167.1	KAJ3996981.1	34.164	281	146	11	19	276	71	335	2.66e-32	136	45.91
AUM86167.1	KAF8436810.1	33.445	299	152	11	6	282	10	283	2.67e-32	134	45.82
AUM86167.1	KFZ20368.1	32.095	296	171	8	2	280	4	286	2.82e-32	135	43.92
AUM86167.1	CAF1597006.1	33.793	290	163	10	7	283	10	283	2.87e-32	140	48.28
AUM86167.1	KAF2436172.1	35.600	250	132	8	41	272	43	281	3.06e-32	134	46.80
AUM86167.1	XP_018041978.1	35.938	256	134	10	41	279	17	259	3.10e-32	133	49.61
AUM86167.1	KAK4231908.1	34.432	273	141	7	64	309	11	272	3.18e-32	137	43.96
AUM86167.1	KDR82083.1	35.135	259	128	9	44	273	46	293	3.63e-32	134	45.95
AUM86167.1	KAF8901889.1	33.115	305	160	13	6	280	21	311	4.15e-32	135	45.25
AUM86167.1	KAF2027333.1	30.966	352	191	12	41	354	17	354	5.22e-32	135	43.75
AUM86167.1	KAI9460394.1	33.113	302	158	11	11	281	71	359	5.52e-32	135	44.37
AUM86167.1	KAK5789619.1	32.288	319	158	11	1	280	15	314	5.70e-32	134	43.26
AUM86167.1	KIY46497.1	32.394	284	143	9	1	253	3	268	6.01e-32	133	44.37
AUM86167.1	KAK4054129.1	36.567	268	138	14	54	305	41	292	6.83e-32	140	51.49
AUM86167.1	XP_024682144.1	34.016	244	134	7	46	273	21	253	6.96e-32	132	48.77
AUM86167.1	XP_024748296.1	35.659	258	141	6	38	280	39	286	7.16e-32	133	46.12
AUM86167.1	XP_007001773.1	35.055	271	140	12	27	275	6	262	7.53e-32	132	49.82
AUM86167.1	XP_016275300.1	32.414	290	164	13	6	280	10	282	7.76e-32	139	49.31
AUM86167.1	KAH7093641.1	31.135	379	192	14	41	370	17	375	8.03e-32	135	43.01
AUM86167.1	KAJ7932728.1	36.201	279	129	12	21	279	70	319	8.31e-32	135	46.95
AUM86167.1	KAB8070115.1	32.700	263	148	9	8	253	6	256	8.83e-32	133	46.39
AUM86167.1	KAI1193918.1	33.463	257	143	6	41	280	42	287	1.00e-31	135	45.91
AUM86167.1	KAF2832451.1	31.858	339	175	12	41	337	17	341	1.09e-31	134	42.77
AUM86167.1	KAK5989550.1	35.039	254	138	7	41	279	42	283	1.16e-31	132	46.06
AUM86167.1	KAJ3744529.1	53.448	116	49	1	105	220	31	141	1.27e-31	129	66.38
AUM86167.1	XP_043002673.1	30.460	348	164	12	6	279	6	349	1.33e-31	136	41.38
AUM86167.1	KAG9225718.1	43.902	164	74	5	126	282	7	159	1.41e-31	129	55.49
AUM86167.1	KAF2006089.1	32.192	292	166	9	4	274	2	282	1.43e-31	133	43.84
AUM86167.1	BEJ11580.1	32.226	301	153	11	19	280	20	308	1.46e-31	132	44.52
AUM86167.1	ORY19831.1	35.055	271	122	10	41	279	90	338	1.65e-31	133	46.49
AUM86167.1	ORY31423.1	30.311	386	201	16	8	360	12	362	1.68e-31	135	45.08
AUM86167.1	PRP81433.1	28.955	335	201	9	9	334	7	313	1.98e-31	137	44.48
AUM86167.1	KAI5474854.1	35.036	274	147	11	16	280	14	265	2.08e-31	137	47.81
AUM86167.1	KAJ3828043.1	30.899	356	168	13	8	305	2	337	2.09e-31	134	40.45
AUM86167.1	KAF9525849.1	35.496	262	135	9	41	279	16	266	2.14e-31	131	46.56
AUM86167.1	KAH8127734.1	33.446	296	165	10	5	279	1	285	2.20e-31	131	46.62
AUM86167.1	KAJ3832812.1	31.313	297	158	8	8	273	9	290	2.24e-31	132	43.43
AUM86167.1	KAF2648640.1	34.066	273	148	9	27	279	1	261	2.64e-31	130	46.52
AUM86167.1	PRP88488.1	29.024	379	226	10	18	385	50	396	2.78e-31	135	42.74
AUM86167.1	XP_016271225.1	30.685	365	199	13	6	340	13	353	2.84e-31	134	43.29
AUM86167.1	EJD45963.1	33.119	311	156	14	6	279	1	296	2.90e-31	134	44.37
AUM86167.1	KZV97738.1	29.810	369	208	12	19	356	18	366	3.23e-31	133	41.73
AUM86167.1	KAF9451834.1	37.083	240	117	9	58	279	5	228	3.62e-31	130	47.50
AUM86167.1	KAI0593011.1	33.000	300	161	12	1	279	6	286	3.66e-31	131	44.33
AUM86167.1	POY71101.1	35.000	280	148	13	16	279	20	281	4.00e-31	134	47.50
AUM86167.1	KAF2119327.1	33.007	306	158	11	27	310	1	281	4.07e-31	133	43.79
AUM86167.1	XP_019013667.1	31.469	286	142	11	1	279	1	239	4.20e-31	133	45.80
AUM86167.1	KAF9028369.1	33.333	306	158	13	4	279	6	295	4.82e-31	132	46.08
AUM86167.1	KAF1950506.1	34.615	260	138	9	38	279	16	261	5.42e-31	130	49.23
AUM86167.1	KAF2873919.1	32.822	326	178	12	11	313	10	317	5.60e-31	131	42.94
AUM86167.1	KDE05902.1	29.261	352	210	13	6	334	4	339	5.62e-31	134	45.74
AUM86167.1	KAJ3966635.1	31.105	344	160	12	19	305	58	381	5.76e-31	133	40.70
AUM86167.1	CAG8364638.1	33.203	256	140	9	8	244	6	249	5.90e-31	130	47.27
AUM86167.1	CUA75968.1	53.571	112	43	1	168	279	1	103	6.11e-31	129	62.50
AUM86167.1	SCZ94805.1	27.933	358	227	13	1	343	4	345	6.71e-31	134	45.81
AUM86167.1	KAF2704689.1	31.410	312	166	10	12	297	11	300	7.11e-31	130	41.99
AUM86167.1	KZV97371.1	33.333	309	162	13	2	279	9	304	7.52e-31	130	44.98
AUM86167.1	EJD40561.1	31.464	321	172	12	1	285	3	311	8.06e-31	133	44.86
AUM86167.1	KAI3149179.1	35.556	225	121	6	69	280	10	223	8.24e-31	128	50.22
AUM86167.1	XP_014180075.1	31.636	275	168	8	16	280	14	278	9.13e-31	130	47.64
AUM86167.1	KAF5320701.1	31.818	308	169	13	4	282	16	311	9.83e-31	131	45.78
AUM86167.1	KAF2643637.1	34.164	281	153	9	19	279	18	286	1.06e-30	130	45.55
AUM86167.1	XP_051594525.1	35.200	250	123	9	50	273	2	238	1.11e-30	129	45.60
AUM86167.1	KAK3390723.1	34.247	292	164	8	4	280	75	353	1.13e-30	135	47.26
AUM86167.1	KAF9023588.1	34.629	283	138	13	27	279	5	270	1.16e-30	130	46.64
AUM86167.1	KAJ3923070.1	32.770	296	156	11	16	280	23	306	1.20e-30	131	43.24
AUM86167.1	KAK4184928.1	34.528	307	158	13	1	279	1	292	1.34e-30	129	44.95
AUM86167.1	KAH7096951.1	32.660	297	161	12	7	279	87	368	1.37e-30	132	46.13
AUM86167.1	CCA68158.1	32.441	299	163	10	9	279	75	362	1.38e-30	132	43.14
AUM86167.1	KAF8315042.1	33.808	281	157	9	17	279	11	280	1.44e-30	129	45.55
AUM86167.1	XP_062756707.1	34.902	255	141	6	41	280	42	286	1.47e-30	129	46.67
AUM86167.1	KAJ7174151.1	34.728	239	130	7	44	273	20	241	1.71e-30	128	46.44
AUM86167.1	XP_017994742.1	32.792	308	168	11	5	285	12	307	1.71e-30	132	46.75
AUM86167.1	TRM57028.1	31.579	361	202	12	6	335	5	351	1.73e-30	132	44.60
AUM86167.1	KAF2799823.1	35.448	268	131	11	11	253	2	252	2.11e-30	128	45.52
AUM86167.1	SGY79428.1	34.589	292	155	15	16	282	5	285	2.12e-30	135	47.95
AUM86167.1	ORY79724.1	34.137	249	142	7	37	279	21	253	2.12e-30	129	47.79
AUM86167.1	KAF8454024.1	36.364	198	103	5	19	205	24	209	2.24e-30	126	50.51
AUM86167.1	PVG03262.1	30.565	301	169	10	9	280	7	296	2.30e-30	129	44.85
AUM86167.1	SCV70878.1	32.692	312	165	16	5	282	7	307	2.56e-30	135	47.12
AUM86167.1	XP_036579548.1	38.819	237	107	10	64	279	11	230	2.97e-30	127	48.95
AUM86167.1	KAK4055531.1	31.699	306	174	12	1	284	4	296	3.03e-30	134	45.75
AUM86167.1	XP_024706806.1	30.508	295	173	10	2	279	14	293	3.04e-30	129	45.76
AUM86167.1	EJD40559.1	32.986	288	147	11	18	274	20	292	3.10e-30	130	45.14
AUM86167.1	KAJ3914703.1	32.343	303	160	12	8	280	8	295	3.21e-30	129	44.22
AUM86167.1	OAA71978.1	35.983	239	118	9	38	263	38	254	3.58e-30	132	48.12
AUM86167.1	CAF1415161.1	34.914	232	138	5	1	223	7	234	3.79e-30	127	48.71
AUM86167.1	KAG8749374.1	40.462	173	84	5	116	280	49	210	4.19e-30	126	54.34
AUM86167.1	KAJ3905760.1	34.252	254	138	9	45	281	15	256	4.61e-30	129	46.46
AUM86167.1	KZV88442.1	33.113	302	151	12	19	286	18	302	4.79e-30	130	44.70
AUM86167.1	KIK64461.1	32.026	306	156	12	4	277	55	340	5.10e-30	129	43.79
AUM86167.1	KAI0287991.1	34.884	301	165	12	40	318	23	314	6.88e-30	130	45.51
AUM86167.1	KAF9476867.1	30.488	328	180	13	16	309	32	345	7.14e-30	129	42.68
AUM86167.1	KAJ2978305.1	32.573	307	164	12	1	281	1	290	7.33e-30	130	43.00
AUM86167.1	KAG0656832.1	32.423	293	163	12	5	280	22	296	7.52e-30	134	45.39
AUM86167.1	KAI1098482.1	33.333	288	142	9	19	279	20	284	7.72e-30	127	43.40
AUM86167.1	XP_040791407.1	33.574	277	150	10	11	265	10	274	8.43e-30	127	44.04
AUM86167.1	KAF7368474.1	33.673	294	164	9	6	280	7	288	8.60e-30	128	44.56
AUM86167.1	KAH6912658.1	32.323	297	160	12	2	273	3	283	9.04e-30	127	44.11
AUM86167.1	XP_045944498.1	33.824	272	151	9	27	281	25	284	9.21e-30	127	47.43
AUM86167.1	RPA78095.1	40.476	168	88	5	18	182	3	161	9.44e-30	123	53.57
AUM86167.1	KAJ3932041.1	34.496	258	130	11	47	282	1	241	9.59e-30	127	45.74
AUM86167.1	XP_018280384.1	31.419	296	146	12	27	280	1	281	1.14e-29	127	43.58
AUM86167.1	CAG8934941.1	32.549	255	141	9	9	244	7	249	1.15e-29	128	46.67
AUM86167.1	XP_001829371.2	32.082	293	160	11	5	280	18	288	1.25e-29	128	43.69
AUM86167.1	XP_046091231.1	30.986	355	198	13	8	330	8	347	1.39e-29	129	43.66
AUM86167.1	KAK4057941.1	31.650	297	170	11	5	280	11	295	1.39e-29	132	45.45
AUM86167.1	KAF8959239.1	31.507	292	158	12	16	279	33	310	1.40e-29	128	43.84
AUM86167.1	KZV86197.1	30.435	345	163	13	19	298	21	353	1.50e-29	129	42.90
AUM86167.1	CCA68159.1	31.410	312	169	12	1	283	4	299	1.55e-29	128	44.23
AUM86167.1	KAI9148106.1	33.588	262	138	8	9	246	6	255	1.79e-29	133	46.95
AUM86167.1	CRL20539.1	33.210	271	136	8	19	271	16	259	1.81e-29	125	43.91
AUM86167.1	KAJ7789847.1	31.894	301	156	8	6	283	5	279	1.81e-29	131	42.19
AUM86167.1	XP_014180074.1	32.660	297	155	12	5	280	1	273	1.91e-29	127	46.13
AUM86167.1	KEY82804.1	31.679	262	150	8	1	244	37	287	2.00e-29	127	45.42
AUM86167.1	TNY20361.1	34.559	272	145	13	24	280	33	286	2.89e-29	132	50.00
AUM86167.1	XP_062623941.1	33.456	272	134	9	22	279	1	239	3.04e-29	125	43.38
AUM86167.1	PRQ76063.1	32.872	289	163	12	11	284	14	286	3.51e-29	129	44.29
AUM86167.1	KAG6816493.1	37.500	216	106	7	74	280	5	200	5.63e-29	125	49.07
AUM86167.1	KWU44477.1	32.013	303	170	12	1	286	2	285	6.20e-29	130	44.88
AUM86167.1	GJN91262.1	30.117	342	198	16	19	345	24	339	6.89e-29	131	46.78
AUM86167.1	KAK0210072.1	30.742	283	163	9	18	280	17	286	6.98e-29	128	44.17
AUM86167.1	KAG0645601.1	34.615	260	146	8	9	255	7	255	7.80e-29	124	47.31
AUM86167.1	PPQ91155.1	31.399	293	161	11	17	282	34	313	1.00e-28	126	43.69
AUM86167.1	XP_013954691.1	35.433	254	139	7	41	279	42	285	1.04e-28	125	46.06
AUM86167.1	OCF77674.1	43.243	185	83	8	126	299	67	240	1.18e-28	129	54.59
AUM86167.1	KAB5571716.1	34.155	284	151	9	19	281	18	286	1.23e-28	130	45.42
AUM86167.1	KZV83782.1	34.733	262	129	8	47	279	53	301	1.24e-28	125	44.27
AUM86167.1	KAF9046145.1	35.842	279	139	13	38	281	13	286	1.28e-28	124	45.16
AUM86167.1	XP_046038248.1	32.616	279	143	12	6	275	12	254	1.38e-28	124	44.80
AUM86167.1	CAK5271662.1	31.003	329	157	12	19	291	29	343	1.46e-28	126	40.73
AUM86167.1	XP_047814482.1	34.646	254	130	10	18	246	19	261	1.47e-28	124	46.06
AUM86167.1	KAG6333709.1	36.179	246	114	11	49	282	2	216	2.23e-28	122	47.15
AUM86167.1	KAH6717454.1	28.358	335	200	9	12	341	8	307	2.68e-28	124	42.99
AUM86167.1	KJA14486.1	32.881	295	162	12	4	273	5	288	3.02e-28	125	43.73
AUM86167.1	GMK56416.1	30.945	307	149	14	19	280	20	308	3.07e-28	124	44.95
AUM86167.1	CAG7847400.1	32.343	303	159	12	9	279	970	1258	3.16e-28	129	43.89
AUM86167.1	ORY89679.1	34.043	282	152	14	19	279	20	288	3.30e-28	129	47.16
AUM86167.1	GJN89692.1	34.397	282	145	14	20	282	1	261	3.62e-28	129	47.16
AUM86167.1	KAG5653756.1	34.375	256	127	9	73	307	14	249	3.70e-28	123	44.53
AUM86167.1	KAH7099231.1	30.861	337	177	14	6	306	12	328	3.96e-28	124	42.73
AUM86167.1	KZV98356.1	33.208	265	135	10	44	279	26	277	4.12e-28	123	46.79
AUM86167.1	KAK5945816.1	32.509	283	157	9	19	280	24	293	4.36e-28	125	45.94
AUM86167.1	KAF8157899.1	32.131	305	163	15	4	280	18	306	4.84e-28	123	46.89
AUM86167.1	ORY91521.1	32.971	276	158	12	19	279	20	283	5.04e-28	127	46.38
AUM86167.1	KAG7528919.1	32.353	272	141	11	13	275	17	254	5.30e-28	127	44.12
AUM86167.1	KAK4054346.1	32.776	299	158	14	54	337	41	311	5.79e-28	128	48.83
AUM86167.1	KAH9986246.1	47.619	126	60	3	5	127	8	130	6.96e-28	128	64.29
AUM86167.1	KAH9986246.1	44.898	98	48	4	170	266	110	202	1.56e-10	75.5	56.12
AUM86167.1	EJD38255.1	31.650	297	158	10	17	281	15	298	8.72e-28	124	44.78
AUM86167.1	PRP81476.1	29.861	288	161	8	18	299	46	298	9.92e-28	127	45.83
AUM86167.1	KAJ7197001.1	37.629	194	100	6	6	183	5	193	9.94e-28	119	50.00
AUM86167.1	KZV88440.1	29.653	317	169	14	2	282	1	299	1.18e-27	124	44.16
AUM86167.1	KAJ7923841.1	31.058	293	163	8	6	280	7	278	1.18e-27	122	41.98
AUM86167.1	KAK4704433.1	35.000	240	123	11	53	280	30	248	1.25e-27	127	49.17
AUM86167.1	KAI5474857.1	31.077	325	180	14	19	324	17	316	1.28e-27	126	46.46
AUM86167.1	PRP77934.1	30.640	297	143	11	4	276	6	263	1.61e-27	123	43.10
AUM86167.1	KAK0510950.1	33.735	249	137	6	43	273	45	283	1.81e-27	122	44.18
AUM86167.1	XP_040762919.1	50.000	104	51	1	150	253	1	103	1.98e-27	115	64.42
AUM86167.1	KAE9409026.1	34.328	268	149	10	4	258	54	307	2.07e-27	123	44.40
AUM86167.1	ORY51762.1	32.296	257	142	10	43	281	15	257	2.10e-27	125	47.08
AUM86167.1	KWU44348.1	31.618	272	157	11	22	279	1	257	2.25e-27	124	43.75
AUM86167.1	RXK36788.1	34.008	247	129	11	18	244	17	249	2.47e-27	120	49.80
AUM86167.1	KAK1451422.1	36.948	249	122	12	44	279	67	293	3.25e-27	120	48.19
AUM86167.1	KAG6811037.1	32.540	252	114	6	73	279	47	287	3.35e-27	122	43.25
AUM86167.1	OXA43169.1	34.815	270	142	11	4	253	1	256	3.74e-27	125	46.30
AUM86167.1	KAF4996308.1	32.517	286	143	8	19	280	17	276	4.28e-27	120	43.36
AUM86167.1	GEM07994.1	30.769	312	170	15	19	304	23	314	5.09e-27	125	46.15
AUM86167.1	PRP85073.1	32.941	255	120	8	7	246	422	640	5.38e-27	125	45.49
AUM86167.1	KAJ4471106.1	31.833	311	151	13	6	280	6	291	6.45e-27	120	41.80
AUM86167.1	KAF5317676.1	32.090	268	141	12	41	280	17	271	7.04e-27	119	48.51
AUM86167.1	KAI4525713.1	33.977	259	134	10	46	281	50	294	7.48e-27	122	47.10
AUM86167.1	CDR41535.1	31.973	294	169	11	6	284	15	292	7.63e-27	122	42.52
AUM86167.1	KAK1457265.1	35.769	260	113	11	62	282	5	249	8.98e-27	119	45.77
AUM86167.1	TNY21244.1	32.740	281	153	14	18	280	18	280	1.16e-26	124	44.84
AUM86167.1	KAK3650682.1	34.137	249	129	7	52	280	1	234	1.20e-26	119	45.78
AUM86167.1	KAF7982487.1	30.990	313	167	12	2	279	4	302	1.20e-26	120	42.81
AUM86167.1	PBK70101.1	31.333	300	172	11	1	280	1	286	1.29e-26	122	45.00
AUM86167.1	XP_052942074.1	31.365	271	134	10	20	275	1	234	1.30e-26	120	45.02
AUM86167.1	KAH7146787.1	34.934	229	124	7	19	224	17	243	1.41e-26	117	48.03
AUM86167.1	TGZ81715.1	32.248	307	160	15	1	275	1	291	1.43e-26	121	44.30
AUM86167.1	EJD40358.1	33.108	296	147	12	19	279	17	296	1.50e-26	120	41.55
AUM86167.1	XP_003035108.1	31.313	297	171	11	6	279	4	290	1.56e-26	119	44.44
AUM86167.1	KAJ3759476.1	32.000	275	153	10	19	273	19	279	1.66e-26	118	43.27
AUM86167.1	PRP85061.1	31.071	280	160	10	7	276	6	262	1.86e-26	120	45.00
AUM86167.1	CAF4149748.1	36.087	230	107	8	38	255	9	210	1.90e-26	124	46.09
AUM86167.1	KAK4703993.1	31.399	293	168	11	9	282	7	285	2.13e-26	120	43.69
AUM86167.1	XP_051594527.1	32.566	304	139	14	20	273	1	288	2.18e-26	119	43.09
AUM86167.1	PRP85059.1	32.234	273	152	10	13	275	44	293	3.04e-26	123	45.42
AUM86167.1	PRP85059.1	31.010	287	149	10	7	275	472	727	1.37e-25	121	44.60
AUM86167.1	KAH9948719.1	41.611	149	80	3	29	176	10	152	3.46e-26	114	56.38
AUM86167.1	XP_033388470.1	30.383	339	198	11	11	328	10	331	3.63e-26	122	40.71
AUM86167.1	KAJ5585960.1	35.349	215	114	7	70	271	4	206	3.86e-26	115	51.16
AUM86167.1	RKL24452.1	33.962	265	116	8	41	282	23	251	4.59e-26	116	42.26
AUM86167.1	XP_062764634.1	32.950	261	141	8	41	279	41	289	4.80e-26	120	44.83
AUM86167.1	KAG9058880.1	29.275	345	175	13	1	295	1	326	1.15e-25	118	41.74
AUM86167.1	KAJ3514775.1	31.148	305	147	11	4	281	3	271	1.29e-25	116	40.00


