contig_id	mean_contig_cov	cluster_id	nucl_freq.gc	length
NODE_100_length_133987_cov_40.173764	310.713769230769	5	53.0611178696441	133987
NODE_101_length_127194_cov_39.953647	309.323583333333	5	52.6943094800069	127194
NODE_102_length_126191_cov_40.028644	308.133833333333	5	53.2534015896538	126191
NODE_103_length_124416_cov_43.480211	335.1075	5	52.8002829218107	124416
NODE_104_length_124134_cov_39.686929	307.295666666667	5	51.9172829361819	124134
NODE_105_length_124013_cov_40.055608	310.032416666667	5	50.1753848386863	124013
NODE_106_length_123703_cov_39.857448	308.490833333333	5	51.0666677445171	123703
NODE_107_length_120785_cov_40.470835	311.095416666667	5	53.6697437595728	120785
NODE_108_length_120106_cov_40.282333	311.0255	5	53.921535976554	120106
NODE_109_length_119478_cov_40.222621	309.144545454545	5	53.9002996367532	119478
NODE_10_length_576890_cov_40.095634	309.032859649123	5	52.9719703929692	576890
NODE_110_length_118222_cov_39.794022	308.270181818182	5	52.4344030721862	118222
NODE_111_length_115375_cov_39.991913	309.083181818182	5	52.9464788732394	115375
NODE_112_length_114286_cov_40.157421	308.383	5	52.6932432668918	114286
NODE_113_length_111462_cov_40.313441	311.486727272727	5	51.9127595054817	111462
NODE_114_length_109596_cov_39.991230	307.1512	5	52.7674367677652	109596
NODE_115_length_108728_cov_39.914098	308.9972	5	52.0638657935398	108728
NODE_116_length_108292_cov_39.599196	304.909	5	53.5441214494145	108292
NODE_117_length_100008_cov_39.965939	309.2987	5	52.8297736181106	100008
NODE_118_length_98727_cov_39.649645	307.168	5	52.997660214531	98727
NODE_119_length_97679_cov_39.840362	305.412555555556	5	51.4010176189355	97679
NODE_11_length_477015_cov_39.869747	308.287872340426	5	53.846315105395	477015
NODE_120_length_97639_cov_40.155591	310.552444444444	5	51.2233840985672	97639
NODE_121_length_96272_cov_40.433564	311.089888888889	5	52.9281618746884	96272
NODE_122_length_95780_cov_39.853544	308.844555555556	5	51.717477552725	95780
NODE_123_length_94091_cov_40.053329	309.863666666667	5	52.5682583881561	94091
NODE_124_length_93702_cov_39.912177	308.061555555556	5	52.5196900813216	93702
NODE_125_length_93474_cov_40.109323	307.569	5	54.3734086483942	93474
NODE_126_length_93127_cov_40.192989	310.118666666667	5	52.2050533142912	93127
NODE_127_length_90981_cov_39.893334	307.934666666667	5	54.118991877425	90981
NODE_128_length_90503_cov_40.232020	310.798555555556	5	52.2899793377015	90503
NODE_129_length_90430_cov_39.925008	307.377	5	53.4147959747871	90430
NODE_12_length_476337_cov_39.862584	307.468446808511	5	53.6594889752423	476337
NODE_130_length_89825_cov_39.562365	304.105	5	54.2833286946841	89825
NODE_131_length_89124_cov_39.877254	307.38475	5	54.1638615861048	89124
NODE_132_length_89081_cov_39.680048	306.789	5	53.829660645929	89081
NODE_133_length_86805_cov_39.273691	304.579	5	49.5432290766661	86805
NODE_134_length_86274_cov_39.855758	307.55425	5	49.984931729142	86274
NODE_135_length_84659_cov_39.902913	307.118	5	51.8220153793454	84659
NODE_136_length_84406_cov_40.112329	308.7215	5	52.9085610027723	84406
NODE_137_length_83589_cov_39.894515	306.776375	5	51.0497792771776	83589
NODE_138_length_82198_cov_39.704536	306.34275	5	53.9879315798438	82198
NODE_139_length_81313_cov_39.826509	306.428375	5	54.036869873206	81313
NODE_13_length_470485_cov_39.967008	308.788978723404	5	53.8289212195926	470485
NODE_140_length_80755_cov_40.040482	307.597375	5	53.9483623305059	80755
NODE_141_length_80750_cov_39.286754	302.6975	5	51.4452012383901	80750
NODE_142_length_79898_cov_39.623309	305.949857142857	5	52.5820421036822	79898
NODE_143_length_79092_cov_39.952017	307.381428571429	5	51.7030799575178	79092
NODE_144_length_78932_cov_38.290121	295.705428571429	20	48.1160999341205	78932
NODE_145_length_76922_cov_39.951611	308.734428571429	5	51.8954265359715	76922
NODE_146_length_76651_cov_39.925945	308.438142857143	5	51.9066939765952	76651
NODE_147_length_76520_cov_43.244878	335.004857142857	5	50.5201254573968	76520
NODE_148_length_76133_cov_39.655751	307.091142857143	5	54.1394664600108	76133
NODE_149_length_75623_cov_38.407015	296.613571428571	5	47.8544887137511	75623
NODE_14_length_466936_cov_39.801253	307.000586956522	5	53.6398992581424	466936
NODE_150_length_75383_cov_40.042402	308.455571428571	5	54.4313704681427	75383
NODE_151_length_72485_cov_40.239379	310.240285714286	5	51.8189970338691	72485
NODE_152_length_71835_cov_40.135675	309.733142857143	5	51.5960186538595	71835
NODE_153_length_71809_cov_39.708253	306.568	5	53.3693548162487	71809
NODE_154_length_68899_cov_43.247703	332.739833333333	5	53.1967082250831	68899
NODE_155_length_68417_cov_39.195783	303.601166666667	5	49.8735694344973	68417
NODE_156_length_68048_cov_40.219814	308.561	5	53.315306842229	68048
NODE_157_length_66997_cov_40.012023	306.115833333333	5	55.8517545561742	66997
NODE_158_length_66748_cov_40.546284	310.915166666667	5	55.72151974591	66748
NODE_159_length_65655_cov_39.161290	301.114833333333	5	48.055745944711	65655
NODE_15_length_459299_cov_39.913253	307.696288888889	5	52.6748370886939	459299
NODE_160_length_65567_cov_39.457671	306.041333333333	5	49.8528223039029	65567
NODE_161_length_64269_cov_40.133454	308.268166666667	5	53.2247273179916	64269
NODE_162_length_63766_cov_39.880058	307.486166666667	5	49.9576576859141	63766
NODE_163_length_62224_cov_40.016200	306.253833333333	5	51.893160195423	62224
NODE_164_length_58594_cov_40.027178	307.1036	5	52.7238283783323	58594
NODE_165_length_57966_cov_34.679835	261.466	4	35.9952385881379	57966
NODE_166_length_57948_cov_40.249235	311.0588	5	53.5307517084282	57948
NODE_167_length_56343_cov_39.776114	305.8132	5	53.5239515112791	56343
NODE_168_length_56149_cov_39.987362	309.3466	5	52.1344992787049	56149
NODE_169_length_55050_cov_40.441527	312.5288	5	51.480472297911	55050
NODE_16_length_457848_cov_40.026796	309.335022222222	5	52.7681676014747	457848
NODE_170_length_54565_cov_39.806661	306.1498	5	53.3895354164758	54565
NODE_171_length_54207_cov_40.047522	309.2272	5	52.6574058700906	54207
NODE_172_length_52123_cov_39.697708	306.705	5	52.0480402125741	52123
NODE_173_length_50912_cov_39.645368	305.2982	20	52.294154619736	50912
NODE_174_length_50159_cov_40.757075	309.8336	5	51.2111485476186	50159
NODE_175_length_49690_cov_37.803846	296.4095	5	50.9378144495874	49690
NODE_176_length_49090_cov_40.295427	313.174	5	51.1061315950295	49090
NODE_177_length_48897_cov_40.148247	306.518	5	53.9562754361208	48897
NODE_178_length_47279_cov_39.888149	307.90425	5	51.155904312697	47279
NODE_179_length_44017_cov_40.726999	311.51675	5	54.1131835427221	44017
NODE_17_length_446430_cov_39.900673	306.983090909091	5	54.2817462984118	446430
NODE_180_length_43612_cov_38.711947	300.4765	5	49.9701916903605	43612
NODE_181_length_43177_cov_39.671452	304.90875	5	53.1417189707483	43177
NODE_182_length_42963_cov_38.772855	299.3375	5	51.3814212229127	42963
NODE_183_length_41761_cov_39.043450	303.30075	5	51.3158209812983	41761
NODE_184_length_40868_cov_33.579490	259.5755	4	34.464617793873	40868
NODE_185_length_40847_cov_39.972274	307.9705	5	52.7603006340735	40847
NODE_186_length_39467_cov_39.878902	306.039	20	51.3923024298781	39467
NODE_187_length_35967_cov_39.450419	303.217333333333	5	55.2006005505046	35967
NODE_188_length_35688_cov_38.810607	299.645666666667	20	50.7285362026451	35688
NODE_189_length_35170_cov_38.910995	306.624333333333	20	49.2010235996588	35170
NODE_18_length_445038_cov_40.132988	308.708477272727	5	54.5512967431995	445038
NODE_190_length_34735_cov_40.700243	312.446	5	52.4485389376709	34735
NODE_191_length_33677_cov_39.451207	305.036333333333	5	51.6465243341153	33677
NODE_192_length_33356_cov_37.529778	291.411	20	48.1892313227006	33356
NODE_193_length_32551_cov_40.276524	308.302	5	53.3900648213573	32551
NODE_194_length_31770_cov_39.336631	302.172666666667	5	54.01636764243	31770
NODE_195_length_31652_cov_39.468929	304.988333333333	5	53.6743333754581	31652
NODE_196_length_31194_cov_39.686259	306.148666666667	5	54.4688081041226	31194
NODE_197_length_31088_cov_40.380640	312.303	5	50.5082346886258	31088
NODE_198_length_29968_cov_39.137328	304.7215	20	51.174586225307	29968
NODE_199_length_29719_cov_39.987497	311.911	5	52.2056596789932	29719
NODE_19_length_401282_cov_39.995952	308.848125	5	53.5012784027193	401282
NODE_1_length_1015609_cov_40.130980	309.980514851485	5	53.05398041963	1015609
NODE_200_length_29693_cov_40.094737	306.688	5	53.2246657461355	29693
NODE_201_length_27964_cov_39.720264	305.3545	5	51.1979688170505	27964
NODE_202_length_27861_cov_38.882707	300.3765	5	52.9342091095079	27861
NODE_203_length_26760_cov_39.991589	306.188	5	51.9992526158445	26760
NODE_204_length_26227_cov_38.090575	301.8575	20	47.5540473557784	26227
NODE_205_length_24942_cov_38.949950	303.781	20	48.9214978750702	24942
NODE_206_length_24550_cov_39.591328	305.1085	20	51.2830957230143	24550
NODE_207_length_24212_cov_792.269628	6449.615	4	25.2560713695688	24212
NODE_208_length_23108_cov_39.686654	305.3265	20	48.0136749177774	23108
NODE_209_length_20979_cov_39.947775	304.665	5	53.8252538252538	20979
NODE_20_length_400526_cov_39.957830	308.942	5	52.7633661734819	400526
NODE_210_length_19885_cov_27.280342	216.362	4	21.2320844857933	19885
NODE_211_length_19684_cov_38.646316	303.832	5	49.6545417598049	19684
NODE_212_length_18606_cov_37.657341	291.142	20	45.20047296571	18606
NODE_213_length_17172_cov_39.564564	303.374	5	51.7528534824132	17172
NODE_214_length_17151_cov_43.080122	331.666	5	52.3118185528541	17151
NODE_215_length_17012_cov_39.950903	306.851	5	54.6085116388432	17012
NODE_216_length_16901_cov_38.859723	298.186	5	54.3518135021596	16901
NODE_217_length_15049_cov_36.836684	283.29	19	48.5347863645425	15049
NODE_218_length_14827_cov_40.679388	311.624	5	50.8329399069266	14827
NODE_219_length_14812_cov_32.715764	250.948	9	31.832298136646	14812
NODE_21_length_395259_cov_39.972478	308.716153846154	5	53.1704527917138	395259
NODE_220_length_14649_cov_27.900014	218.18	4	21.0048467472182	14649
NODE_221_length_14568_cov_31.068416	240.312	9	28.6381109280615	14568
NODE_222_length_14513_cov_30.248575	249.34	9	28.6501757045408	14513
NODE_223_length_14291_cov_36.568766	278.38	19	48.4220838289833	14291
NODE_224_length_14017_cov_39.990785	303.964	5	58.000998787187	14017
NODE_225_length_13963_cov_27.142310	212.074	4	19.5731576308816	13963
NODE_226_length_13571_cov_35.275216	272.439	19	42.3550217375286	13571
NODE_227_length_13242_cov_38.138544	295.341	20	49.9471378945779	13242
NODE_228_length_12845_cov_39.617629	304.143	5	51.9268197742312	12845
NODE_229_length_12347_cov_39.267676	307.156	20	47.8091844172674	12347
NODE_22_length_381498_cov_39.915591	307.347578947368	5	53.5420893425391	381498
NODE_230_length_11924_cov_39.535390	300.772	5	56.6336799731634	11924
NODE_231_length_11361_cov_39.636105	301.676	5	52.433764633395	11361
NODE_232_length_11230_cov_40.898946	308.564	20	51.1576135351736	11230
NODE_233_length_10657_cov_38.990408	296.602	5	52.0221450689688	10657
NODE_234_length_10294_cov_38.919347	300.129	5	49.6405673207694	10294
NODE_235_length_10151_cov_38.929370	300.079	20	47.7489902472663	10151
NODE_236_length_10042_cov_38.884418	297.865	20	49.9701254730133	10042
NODE_237_length_8533_cov_39.304306	300.216	20	49.4784952537209	8533
NODE_238_length_8506_cov_39.383578	300.186	20	50.1881025158712	8506
NODE_239_length_8188_cov_39.887483	303.759	5	51.3678553981436	8188
NODE_23_length_379655_cov_39.939343	307.624675675676	5	52.6264634997564	379655
NODE_240_length_7783_cov_38.206505	294.757	20	47.5266606706925	7783
NODE_241_length_7710_cov_27.064618	212.867	4	20.337224383917	7710
NODE_242_length_7351_cov_2089.699751	17783.537	2	55.6250850224459	7351
NODE_243_length_7229_cov_39.607294	299.301	5	49.702586803154	7229
NODE_244_length_6617_cov_40.032512	304.106	5	53.060299229258	6617
NODE_245_length_6409_cov_35.457498	273.257	19	54.9539709783118	6409
NODE_246_length_6198_cov_38.900181	298.416	5	50.9680542110358	6198
NODE_247_length_6164_cov_38.053503	285.783	19	44.5489941596366	6164
NODE_248_length_5985_cov_292.138955	2220.995	17	53.4001670843776	5985
NODE_249_length_5948_cov_38.829583	299.754	20	48.537323470074	5948
NODE_24_length_378434_cov_40.066967	310.278243243243	5	52.4593456190511	378434
NODE_250_length_5488_cov_38.192501	294.786	20	48.5422740524781	5488
NODE_251_length_5450_cov_30.003194	224.705	4	23.5412844036697	5450
NODE_252_length_5344_cov_38.832471	294.781	16	55.3517964071856	5344
NODE_253_length_5333_cov_32.188052	259.166	19	45.5278454903431	5333
NODE_254_length_4947_cov_35.730290	271.042	22	46.0076814230847	4947
NODE_255_length_4414_cov_36.266153	277.339	19	47.5532396918894	4414
NODE_256_length_4383_cov_37.882519	285.186	22	44.9463837554187	4383
NODE_257_length_3617_cov_31.589971	223.465	4	23.693668786287	3617
NODE_258_length_3565_cov_41.836824	309.296	20	49.0603085553997	3565
NODE_259_length_3225_cov_38.362815	285.835	1	56.7751937984496	3225
NODE_25_length_369262_cov_40.035144	308.995555555556	5	52.5364104619484	369262
NODE_260_length_2998_cov_78.940787	621.49	8	62.1747831887925	2998
NODE_261_length_2958_cov_128.839986	863.255	8	60.1419878296146	2958
NODE_262_length_2695_cov_38.024143	277.545	14	56.0296846011132	2695
NODE_263_length_2469_cov_74.897523	547.536	3	47.9141352774403	2469
NODE_264_length_2343_cov_31.644856	250.688	19	45.966709346991	2343
NODE_265_length_2327_cov_41.359545	298.337	11	56.6394499355393	2327
NODE_266_length_2120_cov_39.338685	295.1	13	50.8018867924528	2120
NODE_267_length_1869_cov_81.815155	587.266	3	44.3552701979668	1869
NODE_268_length_1539_cov_33.487960	252.336	9	39.5711500974659	1539
NODE_269_length_1495_cov_31.742690	241.54	0	56.3210702341137	1495
NODE_26_length_365819_cov_40.204030	309.524694444444	5	53.2525647929714	365819
NODE_270_length_1473_cov_80.911590	458.303	8	62.5933469110659	1473
NODE_271_length_1412_cov_22.812451	158.635	10	59.0651558073654	1412
NODE_272_length_1301_cov_34.225724	235.565	9	38.739431206764	1301
NODE_273_length_1279_cov_40.085069	276.246	9	42.2204847537138	1279
NODE_274_length_1245_cov_84.797853	583.229	7	51.566265060241	1245
NODE_275_length_1166_cov_19.040423	138.991	3	39.622641509434	1166
NODE_276_length_1157_cov_39.575728	263.36	8	61.0198789974071	1157
NODE_277_length_1150_cov_43.243402	302.943	8	61.8260869565217	1150
NODE_278_length_1018_cov_38.784512	250.844	8	60.9037328094303	1018
NODE_279_length_980_cov_25.813599	174.001	NA	47.6530612244898	980
NODE_27_length_358430_cov_40.115589	309.539	5	52.5547526713724	358430
NODE_280_length_941_cov_76.759214	488.3	NA	60.8926673751328	941
NODE_281_length_847_cov_30.361111	207.057	NA	48.642266824085	847
NODE_282_length_841_cov_25.057423	180.484	NA	23.4244946492271	841
NODE_283_length_837_cov_75.169014	436.552	NA	24.2532855436081	837
NODE_284_length_794_cov_154.368816	906.073	NA	61.7128463476071	794
NODE_285_length_786_cov_26.022762	166.106	NA	57.5063613231552	786
NODE_286_length_731_cov_23.495033	146.595	NA	54.9931600547196	731
NODE_287_length_723_cov_157.315436	861.04	NA	60.9958506224066	723
NODE_288_length_716_cov_35.743633	266.419	NA	52.9329608938547	716
NODE_289_length_703_cov_34.267361	236.852	NA	46.9416785206259	703
NODE_28_length_344321_cov_40.030884	308.953705882353	5	53.3568966168198	344321
NODE_290_length_686_cov_52.194991	308.41	NA	25.2186588921283	686
NODE_291_length_660_cov_40.219512	434.886	NA	57.4242424242424	660
NODE_292_length_643_cov_554.187984	3507.135	NA	49.6111975116641	643
NODE_293_length_639_cov_27.769531	171.369	NA	19.2488262910798	639
NODE_294_length_581_cov_18.162996	117.174	NA	16.3511187607573	581
NODE_295_length_578_cov_26.403548	148.266	NA	19.0311418685121	578
NODE_296_length_575_cov_256.928571	1326.052	NA	61.7391304347826	575
NODE_297_length_571_cov_119.105856	856.186	NA	59.1943957968476	571
NODE_298_length_568_cov_1679.600907	13628.706	NA	64.2605633802817	568
NODE_299_length_527_cov_60.405000	307.323	NA	22.2011385199241	527
NODE_29_length_319856_cov_40.035092	309.042870967742	5	52.9619578810465	319856
NODE_2_length_781786_cov_40.039653	309.860871794872	5	52.6636445267631	781786
NODE_300_length_527_cov_28.120000	194.822	NA	28.4629981024668	527
NODE_301_length_494_cov_80.782016	396.753	NA	56.6801619433198	494
NODE_302_length_493_cov_36.754098	200.949	NA	8.51926977687627	493
NODE_303_length_469_cov_29.213450	152.104	NA	28.5714285714286	469
NODE_304_length_455_cov_44.829268	307.582	NA	62.4175824175824	455
NODE_305_length_414_cov_32.888502	168.391	NA	59.9033816425121	414
NODE_306_length_412_cov_56.950877	276.816	NA	17.9611650485437	412
NODE_307_length_411_cov_25.711268	135.754	NA	49.6350364963504	411
NODE_308_length_397_cov_0.211111	2.239	NA	41.5617128463476	397
NODE_309_length_380_cov_43.719368	226.118	NA	61.3157894736842	380
NODE_30_length_317668_cov_39.857162	307.793838709677	5	53.8958913079064	317668
NODE_310_length_361_cov_0.405983	1.67	NA	41.8282548476454	361
NODE_311_length_348_cov_0.158371	0.845	NA	52.8735632183908	348
NODE_312_length_333_cov_81.791262	278.474	NA	57.6576576576577	333
NODE_313_length_329_cov_0.757426	1.365	NA	57.4468085106383	329
NODE_314_length_327_cov_3.210000	71.74	NA	48.3180428134557	327
NODE_315_length_327_cov_1.050000	98.633	NA	57.4923547400612	327
NODE_316_length_325_cov_81.080808	249.822	NA	62.1538461538462	325
NODE_317_length_322_cov_46.625641	182.441	NA	61.8012422360248	322
NODE_318_length_319_cov_194.062500	758.223	NA	66.7711598746081	319
NODE_319_length_312_cov_11.297297	94.369	NA	41.9871794871795	312
NODE_31_length_317075_cov_39.802699	307.98164516129	5	52.5049278561854	317075
NODE_320_length_309_cov_1.038462	3.9	NA	61.8122977346278	309
NODE_321_length_308_cov_3.127072	101.825	NA	62.3376623376623	308
NODE_322_length_304_cov_1.005650	69.839	NA	30.2631578947368	304
NODE_323_length_299_cov_0.377907	22.699	NA	68.8963210702341	299
NODE_324_length_295_cov_1.678571	30.875	NA	64.7457627118644	295
NODE_325_length_295_cov_0.220238	2.22	NA	30.5084745762712	295
NODE_326_length_292_cov_0.200000	12.733	NA	71.9178082191781	292
NODE_327_length_290_cov_0.582822	2.079	NA	50.6896551724138	290
NODE_328_length_290_cov_0.558282	7.466	NA	30.6896551724138	290
NODE_329_length_290_cov_0.460123	8.841	NA	56.551724137931	290
NODE_32_length_306434_cov_40.131966	310.652933333333	5	51.7139090309822	306434
NODE_330_length_288_cov_0.850932	3.122	NA	60.4166666666667	288
NODE_331_length_288_cov_0.111801	1.031	NA	7.29166666666667	288
NODE_332_length_287_cov_0.668750	2.735	NA	35.5400696864112	287
NODE_333_length_287_cov_0.600000	2.105	NA	63.7630662020906	287
NODE_334_length_285_cov_0.582278	2.105	NA	58.2456140350877	285
NODE_335_length_284_cov_0.598726	2.12	NA	57.7464788732394	284
NODE_336_length_283_cov_2.230769	28.064	NA	68.5512367491166	283
NODE_337_length_282_cov_0.954839	20.535	NA	45.7446808510638	282
NODE_338_length_281_cov_0.305195	2.142	NA	62.6334519572954	281
NODE_339_length_280_cov_21.777778	102.057	NA	15.3571428571429	280
NODE_33_length_302255_cov_40.134857	308.595733333333	5	53.9971216357049	302255
NODE_340_length_279_cov_0.315789	1.082	NA	29.0322580645161	279
NODE_341_length_279_cov_0.309211	1.079	NA	37.6344086021505	279
NODE_342_length_279_cov_0.309211	1.079	NA	63.4408602150538	279
NODE_343_length_276_cov_0.577181	2.645	NA	48.9130434782609	276
NODE_344_length_255_cov_50.164062	227.176	NA	58.4313725490196	255
NODE_345_length_255_cov_23.523438	87.788	NA	44.3137254901961	255
NODE_346_length_255_cov_19.351562	78.094	NA	63.1372549019608	255
NODE_347_length_255_cov_18.484375	71.537	NA	40.3921568627451	255
NODE_348_length_254_cov_19.527559	71.299	NA	51.5748031496063	254
NODE_349_length_254_cov_15.858268	51.563	NA	49.6062992125984	254
NODE_34_length_301352_cov_39.636454	306.6831	5	52.0736547293531	301352
NODE_350_length_254_cov_13.889764	52.531	NA	44.488188976378	254
NODE_351_length_253_cov_171.111111	449.419	NA	48.2213438735178	253
NODE_352_length_253_cov_90.761905	340.7	NA	47.4308300395257	253
NODE_353_length_253_cov_23.793651	2190.261	NA	52.5691699604743	253
NODE_354_length_253_cov_19.214286	67.949	NA	61.2648221343874	253
NODE_355_length_253_cov_15.301587	57.96	NA	51.3833992094862	253
NODE_356_length_253_cov_13.912698	49.593	NA	47.4308300395257	253
NODE_357_length_253_cov_12.428571	56.957	NA	48.2213438735178	253
NODE_358_length_253_cov_10.960317	42.696	NA	62.8458498023715	253
NODE_359_length_252_cov_30.896000	115.615	NA	40.4761904761905	252
NODE_35_length_287048_cov_39.750039	306.168642857143	5	52.4124885036649	287048
NODE_360_length_252_cov_12.504000	49.452	NA	61.1111111111111	252
NODE_361_length_252_cov_2.688000	3.56	NA	45.6349206349206	252
NODE_362_length_251_cov_11.629032	45.514	NA	41.4342629482072	251
NODE_363_length_251_cov_3.701613	3.514	NA	39.8406374501992	251
NODE_364_length_251_cov_2.814516	3.629	NA	50.597609561753	251
NODE_365_length_249_cov_27.270492	96.815	NA	58.6345381526104	249
NODE_366_length_249_cov_3.368852	8.096	NA	55.0200803212851	249
NODE_367_length_249_cov_1.803279	58.301	NA	73.4939759036145	249
NODE_368_length_248_cov_31.256198	93.621	NA	50	248
NODE_369_length_248_cov_2.644628	1.77	NA	52.8225806451613	248
NODE_36_length_286206_cov_39.935357	308.162964285714	5	52.7267073366736	286206
NODE_370_length_248_cov_2.504132	1.206	NA	43.1451612903226	248
NODE_371_length_248_cov_2.322314	3.645	NA	54.4354838709677	248
NODE_372_length_245_cov_76.906780	198.388	NA	55.5102040816327	245
NODE_373_length_245_cov_2.915254	3.58	NA	68.5714285714286	245
NODE_374_length_245_cov_2.033898	29.604	NA	75.1020408163265	245
NODE_375_length_244_cov_52.111111	131.607	NA	34.4262295081967	244
NODE_376_length_243_cov_2.818966	5.132	NA	62.5514403292181	243
NODE_377_length_243_cov_1.396552	2.395	NA	58.0246913580247	243
NODE_378_length_242_cov_49.313043	422.393	NA	53.3057851239669	242
NODE_379_length_242_cov_4.165217	68.628	NA	73.1404958677686	242
NODE_37_length_284301_cov_39.707672	307.685964285714	5	53.2368862578746	284301
NODE_380_length_242_cov_2.904348	5.814	NA	51.2396694214876	242
NODE_381_length_242_cov_1.965217	7.227	NA	38.8429752066116	242
NODE_382_length_242_cov_1.382609	21.529	NA	71.900826446281	242
NODE_383_length_241_cov_1.447368	38.062	NA	72.6141078838174	241
NODE_384_length_239_cov_2.812500	3.724	NA	51.0460251046025	239
NODE_385_length_239_cov_2.812500	30.703	NA	73.2217573221757	239
NODE_386_length_238_cov_114.234234	267.807	NA	44.5378151260504	238
NODE_387_length_237_cov_1.390909	4.608	NA	34.5991561181435	237
NODE_388_length_236_cov_3.348624	2.682	NA	53.3898305084746	236
NODE_389_length_236_cov_2.504587	3.364	NA	58.8983050847458	236
NODE_38_length_279976_cov_40.232915	310.661925925926	5	53.1599137068892	279976
NODE_390_length_236_cov_2.064220	43.941	NA	74.1525423728814	236
NODE_391_length_236_cov_1.816514	40.339	NA	34.3220338983051	236
NODE_392_length_235_cov_3.379630	12.796	NA	39.5744680851064	235
NODE_393_length_235_cov_2.388889	4.136	NA	46.8085106382979	235
NODE_394_length_235_cov_2.175926	2.004	NA	54.8936170212766	235
NODE_395_length_234_cov_4.943925	28.282	NA	47.4358974358974	234
NODE_396_length_234_cov_4.925234	73.932	NA	47.8632478632479	234
NODE_397_length_234_cov_3.224299	7.496	NA	48.2905982905983	234
NODE_398_length_234_cov_3.102804	66.932	NA	44.4444444444444	234
NODE_399_length_233_cov_6.584906	91.18	NA	47.6394849785408	233
NODE_39_length_279491_cov_40.211735	309.775703703704	5	53.5723869462702	279491
NODE_3_length_737843_cov_39.985580	308.157671232877	5	53.9339669821358	737843
NODE_400_length_232_cov_3.552381	30.194	NA	48.2758620689655	232
NODE_401_length_232_cov_3.190476	0.621	NA	43.5344827586207	232
NODE_402_length_232_cov_2.533333	6.263	NA	49.5689655172414	232
NODE_403_length_231_cov_1.961538	1.424	NA	46.3203463203463	231
NODE_404_length_231_cov_1.538462	20.918	NA	70.995670995671	231
NODE_405_length_230_cov_4.572816	1.961	NA	51.7391304347826	230
NODE_406_length_230_cov_2.592233	26.648	NA	20.8695652173913	230
NODE_407_length_230_cov_2.077670	49.926	NA	36.9565217391304	230
NODE_408_length_230_cov_1.660194	7.122	NA	49.1304347826087	230
NODE_409_length_229_cov_3.107843	3.157	NA	56.3318777292576	229
NODE_40_length_274206_cov_39.930582	308.591259259259	5	52.68994843293	274206
NODE_410_length_229_cov_2.941176	31.319	NA	77.7292576419214	229
NODE_411_length_228_cov_3.475248	1.316	NA	56.5789473684211	228
NODE_412_length_228_cov_2.227723	75.487	NA	28.5087719298246	228
NODE_413_length_228_cov_1.168317	3.833	NA	34.6491228070175	228
NODE_414_length_227_cov_3.920000	22.894	NA	75.7709251101322	227
NODE_415_length_227_cov_2.570000	6.533	NA	56.3876651982379	227
NODE_416_length_227_cov_2.360000	20.396	NA	29.0748898678414	227
NODE_417_length_227_cov_2.250000	3.181	NA	44.4933920704846	227
NODE_418_length_227_cov_1.960000	1.317	NA	48.4581497797357	227
NODE_419_length_226_cov_3.404040	0.611	NA	61.5044247787611	226
NODE_41_length_270747_cov_40.042055	308.661444444444	5	53.496437633658	270747
NODE_420_length_226_cov_1.686869	20.611	NA	74.7787610619469	226
NODE_421_length_225_cov_3.928571	1.938	NA	55.1111111111111	225
NODE_422_length_225_cov_3.316327	2.662	NA	46.6666666666667	225
NODE_423_length_225_cov_3.000000	32.502	NA	73.3333333333333	225
NODE_424_length_225_cov_2.836735	10.564	NA	39.5555555555556	225
NODE_425_length_225_cov_2.622449	0	NA	56.4444444444444	225
NODE_426_length_224_cov_3.855670	4.375	NA	43.75	224
NODE_427_length_224_cov_3.402062	21.987	NA	50	224
NODE_428_length_224_cov_2.103093	11.955	NA	70.5357142857143	224
NODE_429_length_223_cov_1.895833	1.345	NA	65.4708520179372	223
NODE_42_length_269955_cov_39.787020	306.647730769231	5	53.6304198847956	269955
NODE_430_length_223_cov_1.864583	0	NA	64.1255605381166	223
NODE_431_length_222_cov_3.536842	4	NA	42.3423423423423	222
NODE_432_length_222_cov_3.315789	44.793	NA	69.3693693693694	222
NODE_433_length_222_cov_3.273684	11.032	NA	27.9279279279279	222
NODE_434_length_221_cov_3.531915	39.534	NA	56.5610859728507	221
NODE_435_length_221_cov_1.500000	46.606	NA	46.606334841629	221
NODE_436_length_220_cov_3.526882	26.518	NA	70	220
NODE_437_length_220_cov_3.494624	22.436	NA	76.8181818181818	220
NODE_438_length_219_cov_2.032609	1.342	NA	47.0319634703196	219
NODE_439_length_218_cov_5.274725	1367.835	NA	75.6880733944954	218
NODE_43_length_264722_cov_39.845197	306.6345	5	52.1188265425616	264722
NODE_440_length_218_cov_3.318681	2.225	NA	56.8807339449541	218
NODE_441_length_218_cov_3.296703	1.514	NA	58.7155963302752	218
NODE_442_length_218_cov_2.582418	2.349	NA	61.0091743119266	218
NODE_443_length_217_cov_3.666667	0.636	NA	47.926267281106	217
NODE_444_length_217_cov_3.511111	0.677	NA	69.1244239631336	217
NODE_445_length_217_cov_2.888889	0	NA	48.8479262672811	217
NODE_446_length_217_cov_2.200000	3.355	NA	55.2995391705069	217
NODE_447_length_217_cov_1.733333	2.797	NA	45.1612903225806	217
NODE_448_length_216_cov_2.595506	1.37	NA	47.6851851851852	216
NODE_449_length_216_cov_1.606742	12.477	NA	31.0185185185185	216
NODE_44_length_261680_cov_40.086778	309.136730769231	5	53.3357535921736	261680
NODE_450_length_215_cov_4.420455	50.265	NA	71.1627906976744	215
NODE_451_length_215_cov_4.386364	1.972	NA	59.0697674418605	215
NODE_452_length_215_cov_3.102273	1.363	NA	50.2325581395349	215
NODE_453_length_215_cov_2.556818	91.093	NA	36.2790697674419	215
NODE_454_length_214_cov_3.770115	22.22	NA	43.9252336448598	214
NODE_455_length_214_cov_3.425287	6.065	NA	51.4018691588785	214
NODE_456_length_214_cov_2.609195	1.963	NA	52.3364485981308	214
NODE_457_length_213_cov_4.267442	5.878	NA	25.3521126760563	213
NODE_458_length_213_cov_3.000000	21.488	NA	72.3004694835681	213
NODE_459_length_213_cov_2.732558	38.465	NA	64.7887323943662	213
NODE_45_length_260135_cov_39.996000	309.331846153846	5	52.2859284602226	260135
NODE_460_length_213_cov_2.406977	43.042	NA	68.5446009389671	213
NODE_461_length_213_cov_2.232558	55.385	NA	66.6666666666667	213
NODE_462_length_213_cov_1.337209	29.085	NA	43.6619718309859	213
NODE_463_length_212_cov_3.529412	27.953	NA	41.9811320754717	212
NODE_464_length_212_cov_1.658824	0.708	NA	42.4528301886792	212
NODE_465_length_211_cov_3.785714	0.929	NA	66.3507109004739	211
NODE_466_length_211_cov_3.500000	0	NA	67.2985781990521	211
NODE_467_length_211_cov_2.857143	1.991	NA	48.8151658767773	211
NODE_468_length_211_cov_2.488095	1.327	NA	36.9668246445498	211
NODE_469_length_211_cov_2.392857	7.573	NA	30.8056872037915	211
NODE_46_length_254532_cov_39.925957	307.39248	5	52.7041786494429	254532
NODE_470_length_211_cov_2.035714	1.422	NA	56.3981042654028	211
NODE_471_length_210_cov_16.903614	27.5	NA	36.6666666666667	210
NODE_472_length_210_cov_3.144578	12.552	NA	39.0476190476191	210
NODE_473_length_210_cov_2.228916	1.41	NA	45.2380952380952	210
NODE_474_length_209_cov_748.012195	2368.397	NA	73.2057416267943	209
NODE_475_length_209_cov_4.963415	2.478	NA	49.7607655502392	209
NODE_476_length_209_cov_3.731707	2.651	NA	39.2344497607655	209
NODE_477_length_209_cov_3.207317	2.612	NA	44.4976076555024	209
NODE_478_length_208_cov_3.098765	3.173	NA	51.9230769230769	208
NODE_479_length_208_cov_2.814815	8.596	NA	45.1923076923077	208
NODE_47_length_247634_cov_40.192322	309.997375	5	53.9033412213186	247634
NODE_480_length_208_cov_2.259259	2.861	NA	58.1730769230769	208
NODE_481_length_208_cov_2.049383	2.861	NA	63.9423076923077	208
NODE_482_length_208_cov_1.827160	17.154	NA	69.7115384615385	208
NODE_483_length_207_cov_131.725000	153.077	NA	59.4202898550725	207
NODE_484_length_207_cov_2.725000	0.589	NA	44.9275362318841	207
NODE_485_length_207_cov_2.500000	298.256	NA	74.8792270531401	207
NODE_486_length_207_cov_1.675000	36.913	NA	71.9806763285024	207
NODE_487_length_206_cov_3.696203	19.587	NA	68.4466019417476	206
NODE_488_length_206_cov_3.493671	7.85	NA	30.0970873786408	206
NODE_489_length_206_cov_3.392405	0.709	NA	50.9708737864078	206
NODE_48_length_241263_cov_40.073291	308.979625	5	53.9995772248542	241263
NODE_490_length_206_cov_3.227848	8.558	NA	55.3398058252427	206
NODE_491_length_206_cov_3.063291	28.248	NA	72.8155339805825	206
NODE_492_length_206_cov_2.632911	9.655	NA	42.7184466019417	206
NODE_493_length_206_cov_1.670886	14.379	NA	62.1359223300971	206
NODE_494_length_205_cov_3.564103	0.727	NA	67.3170731707317	205
NODE_495_length_205_cov_1.743590	0.605	NA	47.3170731707317	205
NODE_496_length_204_cov_3.584416	2.897	NA	52.9411764705882	204
NODE_497_length_204_cov_3.467532	0	NA	45.5882352941176	204
NODE_498_length_204_cov_3.025974	1.466	NA	58.3333333333333	204
NODE_499_length_204_cov_2.558442	2.172	NA	55.3921568627451	204
NODE_49_length_239084_cov_40.335872	311.491043478261	5	51.522059192585	239084
NODE_4_length_718935_cov_39.895215	308.167887323944	5	53.286458442001	718935
NODE_500_length_204_cov_2.441558	0	NA	47.0588235294118	204
NODE_501_length_204_cov_2.285714	2.088	NA	44.1176470588235	204
NODE_502_length_204_cov_1.545455	36.299	NA	75.4901960784314	204
NODE_503_length_203_cov_3.013158	0	NA	46.3054187192118	203
NODE_504_length_203_cov_2.618421	0.734	NA	58.128078817734	203
NODE_505_length_203_cov_1.881579	1.463	NA	66.9950738916256	203
NODE_506_length_203_cov_1.407895	2.167	NA	31.0344827586207	203
NODE_507_length_202_cov_1.853333	2.02	NA	45.049504950495	202
NODE_508_length_201_cov_3.837838	2.806	NA	58.2089552238806	201
NODE_509_length_201_cov_3.027027	0.313	NA	51.2437810945274	201
NODE_50_length_236731_cov_39.954481	308.042130434783	5	52.5161470191906	236731
NODE_510_length_201_cov_3.027027	1.448	NA	50.7462686567164	201
NODE_511_length_201_cov_2.810811	0	NA	49.2537313432836	201
NODE_512_length_201_cov_2.418919	2.224	NA	18.9054726368159	201
NODE_513_length_201_cov_2.391892	5.194	NA	38.3084577114428	201
NODE_514_length_201_cov_2.297297	0	NA	69.6517412935323	201
NODE_515_length_201_cov_2.000000	2.1	NA	33.3333333333333	201
NODE_516_length_201_cov_1.513514	7.677	NA	60.1990049751244	201
NODE_517_length_200_cov_2.986301	3.8	NA	38.5	200
NODE_518_length_200_cov_2.424658	1.02	NA	48	200
NODE_519_length_200_cov_2.315068	4.155	NA	48.5	200
NODE_51_length_235731_cov_39.960888	307.635565217391	5	53.792670459125	235731
NODE_520_length_200_cov_1.712329	2.245	NA	66	200
NODE_521_length_199_cov_3.083333	5.925	NA	47.7386934673367	199
NODE_522_length_199_cov_2.555556	0.749	NA	61.3065326633166	199
NODE_523_length_199_cov_2.166667	41.201	NA	73.3668341708543	199
NODE_524_length_199_cov_1.861111	2.95	NA	52.2613065326633	199
NODE_525_length_199_cov_1.833333	5.286	NA	51.7587939698492	199
NODE_526_length_199_cov_1.666667	10.186	NA	65.3266331658292	199
NODE_527_length_199_cov_1.583333	32.789	NA	43.7185929648241	199
NODE_528_length_199_cov_1.527778	2.126	NA	45.7286432160804	199
NODE_529_length_197_cov_3.128571	2.858	NA	17.7664974619289	197
NODE_52_length_232102_cov_40.192577	309.616173913043	5	53.569551317955	232102
NODE_530_length_197_cov_2.642857	1.249	NA	46.7005076142132	197
NODE_531_length_197_cov_2.585714	0.467	NA	48.7309644670051	197
NODE_532_length_197_cov_2.485714	1.528	NA	56.8527918781726	197
NODE_533_length_197_cov_1.814286	13.457	NA	35.5329949238579	197
NODE_534_length_197_cov_1.771429	1.497	NA	51.7766497461929	197
NODE_535_length_196_cov_3.130435	8.327	NA	18.8775510204082	196
NODE_536_length_196_cov_2.536232	1.52	NA	29.0816326530612	196
NODE_537_length_196_cov_2.028986	0.888	NA	64.7959183673469	196
NODE_538_length_196_cov_1.898551	1.541	NA	51.0204081632653	196
NODE_539_length_196_cov_1.826087	2.143	NA	59.1836734693878	196
NODE_53_length_231524_cov_40.323509	310.485608695652	5	53.5447728961144	231524
NODE_540_length_195_cov_2.897059	10.092	NA	42.5641025641026	195
NODE_541_length_195_cov_2.235294	20.718	NA	60.5128205128205	195
NODE_542_length_195_cov_2.205882	3.067	NA	45.6410256410256	195
NODE_543_length_195_cov_2.147059	0	NA	52.8205128205128	195
NODE_544_length_195_cov_2.000000	0	NA	55.3846153846154	195
NODE_545_length_195_cov_1.661765	9.426	NA	59.4871794871795	195
NODE_546_length_194_cov_4.164179	0.742	NA	56.1855670103093	194
NODE_547_length_194_cov_3.253731	0.758	NA	65.4639175257732	194
NODE_548_length_194_cov_3.179104	0	NA	25.7731958762887	194
NODE_549_length_194_cov_2.313433	4.366	NA	64.9484536082474	194
NODE_54_length_230381_cov_39.780703	307.999869565217	5	52.6905430569361	230381
NODE_550_length_194_cov_2.298507	0	NA	66.4948453608247	194
NODE_551_length_194_cov_2.268657	0.773	NA	50	194
NODE_552_length_194_cov_2.089552	1.479	NA	44.8453608247423	194
NODE_553_length_194_cov_1.761194	0	NA	56.1855670103093	194
NODE_554_length_194_cov_1.507463	14.454	NA	65.979381443299	194
NODE_555_length_193_cov_4.772727	2.627	NA	49.2227979274611	193
NODE_556_length_193_cov_3.212121	11.244	NA	64.7668393782383	193
NODE_557_length_193_cov_2.681818	2.218	NA	32.1243523316062	193
NODE_558_length_193_cov_2.651515	15.917	NA	70.4663212435233	193
NODE_559_length_193_cov_2.515152	0.777	NA	35.7512953367876	193
NODE_55_length_227192_cov_39.990501	308.751863636364	5	53.080654248389	227192
NODE_560_length_193_cov_2.242424	18.922	NA	64.2487046632124	193
NODE_561_length_193_cov_2.030303	8.052	NA	29.5336787564767	193
NODE_562_length_193_cov_1.939394	0.772	NA	64.2487046632124	193
NODE_563_length_193_cov_1.848485	1.554	NA	55.9585492227979	193
NODE_564_length_192_cov_3.430769	0	NA	48.9583333333333	192
NODE_565_length_192_cov_3.046154	1.526	NA	36.9791666666667	192
NODE_566_length_192_cov_2.984615	0.745	NA	51.0416666666667	192
NODE_567_length_192_cov_2.446154	1.031	NA	31.7708333333333	192
NODE_568_length_192_cov_2.169231	2.891	NA	65.625	192
NODE_569_length_192_cov_1.892308	27.453	NA	70.3125	192
NODE_56_length_225964_cov_39.907796	308.753545454545	5	52.3123152360553	225964
NODE_570_length_192_cov_1.784615	0	NA	40.1041666666667	192
NODE_571_length_191_cov_3.062500	2.241	NA	47.1204188481675	191
NODE_572_length_191_cov_2.546875	0	NA	47.6439790575916	191
NODE_573_length_191_cov_2.484375	1.56	NA	34.0314136125654	191
NODE_574_length_191_cov_2.312500	2.361	NA	37.17277486911	191
NODE_575_length_191_cov_2.281250	0.77	NA	57.5916230366492	191
NODE_576_length_191_cov_2.187500	0.471	NA	39.2670157068063	191
NODE_577_length_191_cov_2.078125	1.576	NA	52.3560209424084	191
NODE_578_length_191_cov_1.812500	0.817	NA	61.7801047120419	191
NODE_579_length_190_cov_5.746032	4.911	NA	44.7368421052632	190
NODE_57_length_225621_cov_40.207673	310.299045454545	5	52.8917964196595	225621
NODE_580_length_190_cov_4.380952	337.537	NA	77.3684210526316	190
NODE_581_length_190_cov_4.095238	1.558	NA	50	190
NODE_582_length_190_cov_2.920635	19.8	NA	45.2631578947368	190
NODE_583_length_190_cov_2.777778	14.579	NA	59.4736842105263	190
NODE_584_length_190_cov_1.634921	0.568	NA	51.0526315789474	190
NODE_585_length_190_cov_1.269841	0	NA	52.1052631578947	190
NODE_586_length_189_cov_4.483871	1.571	NA	48.1481481481481	189
NODE_587_length_188_cov_3.540984	0.697	NA	25	188
NODE_588_length_188_cov_3.000000	78.426	NA	47.3404255319149	188
NODE_589_length_188_cov_2.065574	17.979	NA	44.6808510638298	188
NODE_58_length_219358_cov_39.998955	309.709142857143	5	52.0468822655203	219358
NODE_590_length_188_cov_1.491803	12.33	NA	46.2765957446809	188
NODE_591_length_187_cov_4.800000	351.85	NA	77.0053475935829	187
NODE_592_length_187_cov_2.750000	0	NA	43.8502673796791	187
NODE_593_length_187_cov_2.600000	0.807	NA	46.524064171123	187
NODE_594_length_187_cov_2.600000	0	NA	66.3101604278075	187
NODE_595_length_187_cov_2.050000	0	NA	40.6417112299465	187
NODE_596_length_187_cov_1.866667	1.706	NA	54.5454545454545	187
NODE_597_length_186_cov_4.322034	0.737	NA	42.4731182795699	186
NODE_598_length_186_cov_3.355932	2.129	NA	47.3118279569892	186
NODE_599_length_186_cov_2.559322	3.231	NA	55.3763440860215	186
NODE_59_length_217728_cov_40.020634	308.128238095238	5	53.606793797766	217728
NODE_5_length_699367_cov_40.045837	309.146463768116	5	53.3756954503144	699367
NODE_600_length_186_cov_2.406780	0.677	NA	48.3870967741936	186
NODE_601_length_186_cov_2.372881	7.355	NA	67.2043010752688	186
NODE_602_length_186_cov_2.101695	5.79	NA	20.9677419354839	186
NODE_603_length_186_cov_2.084746	0	NA	51.6129032258064	186
NODE_604_length_186_cov_1.610169	22.575	NA	69.3548387096774	186
NODE_605_length_186_cov_1.559322	8.473	NA	60.752688172043	186
NODE_606_length_185_cov_69.758621	39.449	NA	32.972972972973	185
NODE_607_length_185_cov_2.931034	8.449	NA	72.972972972973	185
NODE_608_length_185_cov_2.827586	5.892	NA	63.7837837837838	185
NODE_609_length_185_cov_2.775862	1.049	NA	31.8918918918919	185
NODE_60_length_215943_cov_39.468473	305.068619047619	5	53.3478742075455	215943
NODE_610_length_185_cov_2.258621	0.751	NA	42.1621621621622	185
NODE_611_length_185_cov_1.637931	1.459	NA	51.3513513513514	185
NODE_612_length_185_cov_1.275862	0.805	NA	51.8918918918919	185
NODE_613_length_184_cov_1.719298	17.81	NA	59.2391304347826	184
NODE_614_length_183_cov_5.000000	174.284	NA	77.5956284153006	183
NODE_615_length_183_cov_3.964286	16.344	NA	57.9234972677596	183
NODE_616_length_183_cov_2.928571	39.995	NA	46.448087431694	183
NODE_617_length_183_cov_2.857143	2.262	NA	50.8196721311475	183
NODE_618_length_183_cov_2.678571	5.333	NA	67.2131147540984	183
NODE_619_length_183_cov_2.071429	7.421	NA	57.9234972677596	183
NODE_61_length_210505_cov_39.404905	304.399714285714	5	50.4672098049928	210505
NODE_620_length_183_cov_1.892857	3.12	NA	44.8087431693989	183
NODE_621_length_183_cov_1.767857	0	NA	31.6939890710383	183
NODE_622_length_183_cov_1.625000	0.65	NA	42.0765027322404	183
NODE_623_length_183_cov_1.464286	1.388	NA	56.8306010928962	183
NODE_624_length_182_cov_3.290909	1.291	NA	35.7142857142857	182
NODE_625_length_182_cov_2.981818	2.467	NA	26.9230769230769	182
NODE_626_length_182_cov_2.654545	0.868	NA	28.5714285714286	182
NODE_627_length_182_cov_2.454545	0	NA	40.6593406593407	182
NODE_628_length_182_cov_1.927273	0.758	NA	28.021978021978	182
NODE_629_length_182_cov_1.090909	2.198	NA	50.5494505494505	182
NODE_62_length_210173_cov_39.589514	306.283333333333	5	53.0006232960466	210173
NODE_630_length_181_cov_4.296296	0	NA	33.7016574585635	181
NODE_631_length_181_cov_4.074074	20.055	NA	65.7458563535912	181
NODE_632_length_181_cov_4.074074	0	NA	46.4088397790055	181
NODE_633_length_181_cov_3.166667	0.829	NA	66.2983425414365	181
NODE_634_length_181_cov_2.833333	0.829	NA	39.2265193370166	181
NODE_635_length_181_cov_2.333333	0.829	NA	53.5911602209945	181
NODE_636_length_181_cov_2.314815	0	NA	55.8011049723757	181
NODE_637_length_181_cov_2.296296	18.431	NA	65.1933701657459	181
NODE_638_length_181_cov_2.277778	0.823	NA	45.8563535911602	181
NODE_639_length_181_cov_2.055556	0.945	NA	46.9613259668508	181
NODE_63_length_202177_cov_40.017174	308.7418	5	52.4738224427111	202177
NODE_640_length_180_cov_5.018868	131.806	NA	47.2222222222222	180
NODE_641_length_180_cov_3.981132	22.05	NA	62.2222222222222	180
NODE_642_length_180_cov_3.622642	0	NA	40	180
NODE_643_length_180_cov_2.622642	25.956	NA	78.3333333333333	180
NODE_644_length_180_cov_2.320755	6.656	NA	46.1111111111111	180
NODE_645_length_180_cov_2.245283	0.839	NA	40	180
NODE_646_length_180_cov_2.132075	0.806	NA	50	180
NODE_647_length_180_cov_2.075472	8.794	NA	60	180
NODE_648_length_180_cov_1.962264	0	NA	56.6666666666667	180
NODE_649_length_179_cov_1.826923	4.547	NA	43.5754189944134	179
NODE_64_length_198409_cov_40.058795	309.944421052632	5	53.2823611832125	198409
NODE_650_length_179_cov_1.730769	4.804	NA	44.6927374301676	179
NODE_651_length_179_cov_1.557692	0	NA	51.9553072625698	179
NODE_652_length_178_cov_3.882353	3.264	NA	67.4157303370787	178
NODE_653_length_178_cov_3.745098	1.528	NA	68.5393258426966	178
NODE_654_length_178_cov_3.196078	0	NA	43.8202247191011	178
NODE_655_length_178_cov_2.549020	1.685	NA	61.2359550561798	178
NODE_656_length_178_cov_2.196078	0	NA	50	178
NODE_657_length_178_cov_1.901961	0.815	NA	52.247191011236	178
NODE_658_length_178_cov_1.843137	0	NA	60.6741573033708	178
NODE_659_length_178_cov_1.686275	1.466	NA	29.7752808988764	178
NODE_65_length_196236_cov_40.163516	309.759052631579	5	52.6916569844473	196236
NODE_660_length_178_cov_1.666667	22.135	NA	26.9662921348315	178
NODE_661_length_178_cov_1.549020	4.315	NA	43.2584269662921	178
NODE_662_length_178_cov_1.490196	24.983	NA	77.5280898876404	178
NODE_663_length_178_cov_1.470588	9.916	NA	62.9213483146067	178
NODE_664_length_178_cov_1.411765	0	NA	34.2696629213483	178
NODE_665_length_177_cov_3.940000	0.853	NA	48.0225988700565	177
NODE_666_length_177_cov_2.820000	11.712	NA	59.3220338983051	177
NODE_667_length_177_cov_2.600000	0	NA	36.7231638418079	177
NODE_668_length_177_cov_2.280000	3.322	NA	23.728813559322	177
NODE_669_length_177_cov_2.180000	3.401	NA	61.0169491525424	177
NODE_66_length_194648_cov_39.828934	306.47	5	52.5111997040812	194648
NODE_670_length_177_cov_1.620000	1.446	NA	36.7231638418079	177
NODE_671_length_177_cov_1.580000	16.531	NA	48.0225988700565	177
NODE_672_length_177_cov_1.500000	3.932	NA	57.6271186440678	177
NODE_673_length_177_cov_1.160000	0	NA	46.3276836158192	177
NODE_674_length_176_cov_3.367347	0	NA	41.4772727272727	176
NODE_675_length_176_cov_2.795918	6.466	NA	32.3863636363636	176
NODE_676_length_176_cov_1.959184	1.574	NA	23.8636363636364	176
NODE_677_length_176_cov_1.795918	2.284	NA	17.0454545454545	176
NODE_678_length_176_cov_1.775510	0	NA	53.9772727272727	176
NODE_679_length_176_cov_1.755102	0	NA	42.0454545454545	176
NODE_67_length_193491_cov_40.257349	310.665473684211	5	52.7807494922244	193491
NODE_680_length_176_cov_1.632653	1.903	NA	28.9772727272727	176
NODE_681_length_176_cov_1.326531	1.688	NA	48.2954545454545	176
NODE_682_length_172_cov_3.444444	0	NA	36.6279069767442	172
NODE_683_length_166_cov_6.794872	3.916	NA	50.6024096385542	166
NODE_684_length_165_cov_10.263158	0	NA	43.030303030303	165
NODE_685_length_164_cov_6.378378	5.585	NA	52.4390243902439	164
NODE_686_length_163_cov_3.944444	1.669	NA	52.760736196319	163
NODE_687_length_160_cov_7.090909	3.212	NA	35.625	160
NODE_688_length_160_cov_5.333333	1.756	NA	50.625	160
NODE_689_length_158_cov_26.483871	44.411	NA	63.2911392405063	158
NODE_68_length_193213_cov_40.164999	307.848947368421	5	55.9646607629921	193213
NODE_690_length_156_cov_5.793103	2.474	NA	23.0769230769231	156
NODE_691_length_154_cov_6.888889	4.331	NA	65.5844155844156	154
NODE_692_length_152_cov_8.480000	1.408	NA	56.5789473684211	152
NODE_693_length_151_cov_279.916667	69.735	NA	62.2516556291391	151
NODE_694_length_151_cov_204.541667	38.45	NA	55.6291390728477	151
NODE_695_length_151_cov_169.291667	28.854	NA	53.6423841059603	151
NODE_696_length_151_cov_8.458333	4.656	NA	54.9668874172185	151
NODE_697_length_151_cov_7.000000	0	NA	53.6423841059603	151
NODE_698_length_150_cov_10.956522	0	NA	69.3333333333333	150
NODE_699_length_149_cov_91.545455	25.02	NA	42.9530201342282	149
NODE_69_length_192274_cov_40.202350	310.192	5	53.4773292280808	192274
NODE_6_length_694020_cov_39.894194	307.784144927536	5	53.5138756808161	694020
NODE_700_length_149_cov_9.863636	2.671	NA	41.6107382550336	149
NODE_701_length_149_cov_8.000000	1.289	NA	58.3892617449664	149
NODE_702_length_149_cov_6.045455	1.262	NA	57.0469798657718	149
NODE_703_length_148_cov_5.333333	1.932	NA	45.2702702702703	148
NODE_704_length_148_cov_2.619048	0	NA	65.5405405405405	148
NODE_705_length_147_cov_90.100000	61.367	NA	65.3061224489796	147
NODE_706_length_147_cov_41.400000	19.218	NA	29.9319727891156	147
NODE_707_length_147_cov_6.550000	1.429	NA	47.6190476190476	147
NODE_708_length_147_cov_1.500000	0	NA	51.0204081632653	147
NODE_709_length_145_cov_10.833333	1.283	NA	56.551724137931	145
NODE_70_length_190284_cov_39.921265	306.972315789474	5	54.8527464211389	190284
NODE_710_length_145_cov_10.388889	0.855	NA	60	145
NODE_711_length_145_cov_9.222222	3.028	NA	53.7931034482759	145
NODE_712_length_145_cov_7.111111	4.11	NA	26.8965517241379	145
NODE_713_length_144_cov_6.117647	0	NA	34.0277777777778	144
NODE_714_length_144_cov_2.176471	0	NA	53.4722222222222	144
NODE_715_length_143_cov_7.750000	3.846	NA	25.1748251748252	143
NODE_716_length_142_cov_10.666667	1.845	NA	48.5915492957746	142
NODE_717_length_142_cov_7.466667	5.606	NA	41.5492957746479	142
NODE_718_length_141_cov_2.500000	1.163	NA	54.6099290780142	141
NODE_719_length_141_cov_1.857143	0	NA	71.6312056737589	141
NODE_71_length_190209_cov_40.066219	309.619736842105	5	52.5726963498047	190209
NODE_720_length_140_cov_8.307692	5.886	NA	50	140
NODE_721_length_140_cov_7.461538	0	NA	45	140
NODE_722_length_140_cov_6.384615	3.6	NA	49.2857142857143	140
NODE_723_length_140_cov_6.000000	3.371	NA	56.4285714285714	140
NODE_724_length_140_cov_4.615385	37.864	NA	80	140
NODE_725_length_140_cov_1.769231	0.979	NA	22.8571428571429	140
NODE_726_length_140_cov_1.000000	0	NA	52.8571428571429	140
NODE_727_length_139_cov_9.666667	4.101	NA	67.6258992805755	139
NODE_728_length_139_cov_8.500000	2.432	NA	50.3597122302158	139
NODE_729_length_139_cov_7.916667	0.748	NA	41.0071942446043	139
NODE_72_length_189289_cov_40.042995	308.770055555556	5	53.7305390170586	189289
NODE_730_length_139_cov_4.833333	1.381	NA	46.7625899280576	139
NODE_731_length_138_cov_8.454545	1.667	NA	55.7971014492754	138
NODE_732_length_138_cov_3.909091	1.913	NA	34.7826086956522	138
NODE_733_length_136_cov_218.555556	18.75	NA	60.2941176470588	136
NODE_734_length_136_cov_8.666667	0	NA	58.0882352941176	136
NODE_735_length_136_cov_6.444444	4.941	NA	55.8823529411765	136
NODE_736_length_136_cov_2.777778	0	NA	49.2647058823529	136
NODE_737_length_136_cov_2.555556	0	NA	38.9705882352941	136
NODE_738_length_136_cov_1.666667	2.235	NA	67.6470588235294	136
NODE_739_length_135_cov_6.500000	35.467	NA	82.2222222222222	135
NODE_73_length_188892_cov_39.974826	307.432888888889	5	52.8725409228554	188892
NODE_740_length_135_cov_6.000000	30.326	NA	81.4814814814815	135
NODE_741_length_135_cov_2.500000	1.933	NA	49.6296296296296	135
NODE_742_length_134_cov_7.142857	5.254	NA	47.0149253731343	134
NODE_743_length_134_cov_6.714286	0	NA	48.5074626865672	134
NODE_744_length_134_cov_5.857143	19.604	NA	81.3432835820896	134
NODE_745_length_133_cov_14.333333	7.263	NA	39.8496240601504	133
NODE_746_length_133_cov_12.500000	3.985	NA	41.3533834586466	133
NODE_747_length_133_cov_11.000000	1.865	NA	43.609022556391	133
NODE_748_length_133_cov_10.833333	0.842	NA	66.1654135338346	133
NODE_749_length_133_cov_10.666667	2.639	NA	33.8345864661654	133
NODE_74_length_185973_cov_40.080271	309.2365	5	52.9447823071091	185973
NODE_750_length_133_cov_10.000000	1.609	NA	62.406015037594	133
NODE_751_length_133_cov_9.833333	0	NA	45.8646616541353	133
NODE_752_length_133_cov_9.166667	1.97	NA	56.390977443609	133
NODE_753_length_133_cov_8.333333	3.774	NA	56.390977443609	133
NODE_754_length_133_cov_8.166667	3.308	NA	54.8872180451128	133
NODE_755_length_133_cov_7.166667	3.353	NA	25.5639097744361	133
NODE_756_length_133_cov_7.166667	0	NA	51.1278195488722	133
NODE_757_length_133_cov_6.833333	0	NA	66.9172932330827	133
NODE_758_length_133_cov_6.500000	4.992	NA	58.6466165413534	133
NODE_759_length_133_cov_5.500000	2.331	NA	64.6616541353384	133
NODE_75_length_185849_cov_40.066923	310.582777777778	5	52.6104525717114	185849
NODE_760_length_133_cov_4.333333	0	NA	32.3308270676692	133
NODE_761_length_133_cov_1.166667	3.008	NA	57.1428571428571	133
NODE_762_length_132_cov_211.000000	6.295	NA	71.2121212121212	132
NODE_763_length_132_cov_66.800000	5.864	NA	40.1515151515151	132
NODE_764_length_132_cov_9.400000	1.977	NA	70.4545454545455	132
NODE_765_length_132_cov_8.400000	1.902	NA	41.6666666666667	132
NODE_766_length_132_cov_5.000000	0	NA	28.7878787878788	132
NODE_767_length_132_cov_1.800000	0	NA	50	132
NODE_768_length_131_cov_13.000000	4.992	NA	47.3282442748092	131
NODE_769_length_131_cov_11.000000	1.359	NA	35.1145038167939	131
NODE_76_length_180018_cov_40.018011	308.374666666667	5	53.7746225377462	180018
NODE_770_length_131_cov_10.750000	0	NA	65.6488549618321	131
NODE_771_length_131_cov_8.500000	1.42	NA	54.1984732824427	131
NODE_772_length_131_cov_6.500000	1.939	NA	58.7786259541985	131
NODE_773_length_131_cov_4.000000	1.985	NA	29.0076335877863	131
NODE_774_length_131_cov_3.250000	1.573	NA	67.9389312977099	131
NODE_775_length_130_cov_135.666667	3.292	NA	70	130
NODE_776_length_130_cov_13.000000	0	NA	54.6153846153846	130
NODE_777_length_130_cov_12.333333	3.292	NA	49.2307692307692	130
NODE_778_length_130_cov_8.333333	2.692	NA	51.5384615384615	130
NODE_779_length_130_cov_7.000000	0	NA	47.6923076923077	130
NODE_77_length_179514_cov_40.108263	309.683764705882	5	53.4437425493276	179514
NODE_780_length_130_cov_7.000000	1.508	NA	46.9230769230769	130
NODE_781_length_130_cov_6.666667	2.985	NA	33.0769230769231	130
NODE_782_length_130_cov_6.333333	3.123	NA	56.1538461538462	130
NODE_783_length_130_cov_6.333333	0	NA	43.0769230769231	130
NODE_784_length_129_cov_320.000000	12.016	NA	59.6899224806202	129
NODE_785_length_129_cov_246.000000	7.705	NA	44.1860465116279	129
NODE_786_length_129_cov_121.500000	4.434	NA	37.984496124031	129
NODE_787_length_129_cov_109.500000	3.829	NA	37.984496124031	129
NODE_788_length_129_cov_77.000000	5.349	NA	43.4108527131783	129
NODE_789_length_129_cov_15.000000	0	NA	43.4108527131783	129
NODE_78_length_176310_cov_40.119858	310.702941176471	5	51.2534739946685	176310
NODE_790_length_129_cov_11.000000	2.543	NA	55.8139534883721	129
NODE_791_length_129_cov_10.000000	0	NA	54.2635658914729	129
NODE_792_length_129_cov_8.500000	0	NA	52.7131782945736	129
NODE_793_length_129_cov_7.500000	0	NA	45.7364341085271	129
NODE_794_length_129_cov_6.500000	0	NA	68.9922480620155	129
NODE_795_length_129_cov_5.000000	3.271	NA	48.8372093023256	129
NODE_796_length_129_cov_5.000000	0	NA	56.5891472868217	129
NODE_797_length_129_cov_4.500000	0.674	NA	39.5348837209302	129
NODE_798_length_129_cov_3.500000	4.155	NA	54.2635658914729	129
NODE_799_length_128_cov_169.000000	11.219	NA	44.53125	128
NODE_79_length_174165_cov_39.734018	308.477941176471	5	53.3074957655097	174165
NODE_7_length_691862_cov_39.885497	307.788434782609	5	53.6777565468258	691862
NODE_800_length_128_cov_106.000000	1.875	NA	60.9375	128
NODE_801_length_128_cov_84.000000	0	NA	44.53125	128
NODE_802_length_128_cov_79.000000	4.516	NA	60.15625	128
NODE_803_length_128_cov_72.000000	1.656	NA	38.28125	128
NODE_804_length_128_cov_61.000000	7.656	NA	60.9375	128
NODE_805_length_128_cov_8.000000	0	NA	46.09375	128
NODE_806_length_128_cov_8.000000	1.992	NA	59.375	128
NODE_807_length_128_cov_7.000000	0	NA	41.40625	128
NODE_808_length_128_cov_6.000000	0	NA	50.78125	128
NODE_809_length_128_cov_5.000000	1.062	NA	49.21875	128
NODE_80_length_170445_cov_40.188154	309.738470588235	5	53.0000880049283	170445
NODE_810_length_128_cov_3.000000	0	NA	59.375	128
NODE_811_length_128_cov_3.000000	1.016	NA	55.46875	128
NODE_812_length_128_cov_3.000000	0	NA	39.0625	128
NODE_813_length_128_cov_1.000000	0	NA	47.65625	128
NODE_81_length_169363_cov_39.963447	306.676625	5	53.5016503014236	169363
NODE_82_length_168587_cov_40.241345	309.7405	5	53.9169686867908	168587
NODE_83_length_168371_cov_39.971405	308.726125	5	53.2425417678816	168371
NODE_84_length_161095_cov_39.947344	306.584	5	53.3163661193706	161095
NODE_85_length_160147_cov_40.375909	310.5668125	5	53.2273473745996	160147
NODE_86_length_159689_cov_39.179529	303.049266666667	5	49.1762112606379	159689
NODE_87_length_158523_cov_39.977638	308.393	5	53.9290828460223	158523
NODE_88_length_154130_cov_40.183743	308.509666666667	5	54.1309284370337	154130
NODE_89_length_152112_cov_39.963635	307.7314	5	52.8202903124014	152112
NODE_8_length_686097_cov_39.862440	307.825279411765	5	53.2334349224672	686097
NODE_90_length_151782_cov_40.150183	307.810466666667	5	54.6981855555995	151782
NODE_91_length_145003_cov_39.865243	307.662214285714	5	52.7361502865458	145003
NODE_92_length_144915_cov_40.142021	308.989571428571	5	53.4727253907463	144915
NODE_93_length_143587_cov_40.163655	309.915142857143	5	52.9532617855377	143587
NODE_94_length_142759_cov_39.779587	306.908357142857	5	52.2145714105591	142759
NODE_95_length_141840_cov_39.676205	307.198928571429	5	52.9921037789058	141840
NODE_96_length_141333_cov_39.712817	306.834571428571	5	52.413095313904	141333
NODE_97_length_139528_cov_39.576366	303.909846153846	5	51.3309156585058	139528
NODE_98_length_136856_cov_40.320583	309.501	5	53.0966855673116	136856
NODE_99_length_135488_cov_40.093299	308.956384615385	5	53.3788970240907	135488
NODE_9_length_667511_cov_40.204611	309.055757575758	5	52.9287157814628	667511
