FamilyID	Sporothrix_euskadiensis_VPRI43754<1>	Sporothrix_pseudoabietina_VPRI43531<2>	Sporothrix_variecibatus_CBS121961<3>	Sporothrix_protearum_CBS116654<4>	Sporothrix_humicola_CBS118129<5>	Sporothrix_pallida_CBS13156<6>	Sporothrix_mexicana_CBS120341<7>	Sporothrix_brasiliensis_5110<8>	Sporothrix_schenckii_1099<9>	Sporothrix_globosa_CBS120340<10>	Sporothrix_luriei_CBS93772<11>	Sporothrix_phasma_CBS119721<12>	Sporothrix_dimorphospora_CBS55374<13>	Sporothrix_inflata_CBS23968<14>	Sporothrix_bragantina_CBS47491<15>	Sporothrix_curviconia_CBS95973<16>	Sporothrix_thermara_CBS139747MAG<17>	Sporothrix_epigloea_CBS57363<18>	Sporothrix_epigloea_TF4163<19>	Sporothrix_epigloea_CBS119000<20>	Sporothrix_eucalyptigena_CBS139899<21>	Sporothrix_eucalyptigena_CBS140593<22>	Sporothrix_nigrograna_VPRI43755<23>	Ophiostoma_novoulmi_H327<24>	Ophiostoma_ips_VPRI43529<25>	Sporothrix_brunneoviolacea_CBS124561<26>	Ophiostoma_fasciatum_VPRI43845<27>	Sporothrix_insectorum_RCEF264<28>	Leptographium_lundbergii_CBS138716<29>	<30>	<31>	<32>	<33>	<34>	<35>	<36>	<37>	<38>	<39>	<40>	<41>	<42>	<43>	<44>	<45>	<46>	<47>	<48>	<49>	<50>	<51>	<52>	<53>	<54>	<55>	<56>	<57>
C19	15	15	15	15	16	16	16	15	15	15	15	14	15	15	14	15	15	14	14	14	14	14	15	14	15	15	15	14	14	9	13	14	14	14	14	15	15	15	15	15	15	16	16	15	15	15	15	15	14	14	14	14	14	14	14	14	14
C12	3	3	3	3	3	3	3	3	3	3	3	3	3	4	3	3	3	3	3	3	3	3	3	3	3	5	4	4	4	3	3	3	3	3	3	3	3	3	3	3	3	3	3	3	3	3	3	3	3	3	3	3	3	3	3	3	3
M14A	1	2	2	2	2	2	2	2	2	2	2	1	2	2	2	2	1	1	1	1	2	2	1	2	1	2	1	2	1	2	2	2	2	2	2	2	2	2	2	2	2	2	2	2	2	2	2	2	2	2	2	2	2	1	1	2	2
S33	30	29	35	21	35	34	34	23	23	24	21	18	36	33	32	27	26	19	20	18	34	34	20	23	19	38	17	24	26	11	20	22	23	23	25	27	27	27	27	30	30	34	34	24	23	23	23	32	25	26	26	26	27	21	20	34	22
C78B	1	1	1	1	1	1	1	1	1	1	1	1	1	1	1	1	1	1	1	1	1	1	1	1	1	0	1	1	1	1	1	1	1	1	1	1	1	1	1	1	1	1	1	1	1	1	1	1	1	1	1	1	1	1	1	1	1
S10	4	3	5	4	4	5	5	4	4	5	4	3	6	9	4	4	5	3	3	3	4	4	3	4	3	5	3	5	6	4	4	4	4	4	4	4	4	4	4	4	4	5	5	4	4	4	4	6	4	4	4	4	4	3	3	4	4
M28X	3	3	3	3	3	3	3	3	3	3	3	3	3	3	3	3	3	1	1	1	3	3	3	3	3	3	3	2	2	3	3	3	3	3	3	3	3	3	3	3	3	3	3	3	3	3	3	3	3	3	3	3	3	1	1	3	3
M24B	5	5	5	5	5	5	5	5	5	5	5	4	5	5	4	5	6	4	4	4	5	5	5	5	6	4	4	4	5	5	5	5	5	5	5	5	5	5	5	5	5	5	5	5	5	5	5	5	5	5	5	5	5	4	4	5	5
M20D	5	3	6	3	6	6	6	3	4	3	2	2	6	8	6	3	3	2	2	2	5	5	2	5	0	11	1	0	3	3	3	3	3	3	3	4	4	4	4	5	5	6	6	3	3	3	3	6	3	3	3	3	3	2	2	5	3
G01	1	1	1	2	1	1	2	1	1	1	1	1	2	1	1	1	2	1	1	1	2	2	1	1	1	2	1	2	5	2	1	1	1	1	1	1	1	1	1	1	1	1	1	1	1	1	1	1	1	1	1	1	1	1	1	2	1
S09B	1	1	2	1	1	1	1	1	1	1	1	1	1	2	2	1	1	1	1	1	3	3	1	2	2	2	1	2	1	2	2	2	2	2	1	1	1	1	1	1	1	1	1	1	1	1	1	1	1	1	1	1	1	1	1	3	2
M28A	1	1	1	1	1	1	1	1	1	1	1	1	1	1	1	1	1	2	2	2	1	1	1	1	1	1	1	1	3	2	1	1	1	1	1	1	1	1	1	1	1	1	1	1	1	1	1	1	1	1	1	1	1	2	2	1	1
S08B	1	1	1	1	1	1	1	1	1	1	1	1	1	1	1	1	1	1	1	1	1	1	1	1	1	1	1	1	1	1	1	1	1	1	1	1	1	1	1	1	1	1	1	1	1	1	1	1	1	1	1	1	1	1	1	1	1
T01A	13	13	13	13	13	13	14	13	13	13	13	13	13	13	13	13	13	13	13	13	13	13	13	13	13	13	13	11	11	8	11	12	12	12	13	13	13	13	13	13	13	13	13	13	13	13	13	13	13	13	13	13	13	13	13	13	13
C44	4	4	4	4	4	4	4	4	4	4	4	4	4	4	4	4	4	4	4	4	4	4	4	4	4	5	4	4	5	4	4	4	4	4	4	4	4	4	4	4	4	4	4	4	4	4	4	4	4	4	4	4	4	4	4	4	4
M24A	2	2	2	2	2	2	3	2	2	2	2	2	2	2	2	2	2	2	2	2	2	2	2	2	2	2	2	2	2	2	2	2	2	2	2	2	2	2	2	2	2	2	2	2	2	2	2	2	2	2	2	2	2	2	2	2	2
C26	8	8	9	7	8	9	10	8	8	9	8	8	10	10	8	10	9	8	8	8	9	9	9	8	8	10	9	11	9	7	8	8	8	8	8	8	8	8	8	8	8	9	9	8	8	8	8	10	8	8	8	8	8	8	8	9	8
S01D	1	1	1	1	1	1	1	1	1	1	1	1	1	1	1	1	1	1	1	1	1	1	1	1	1	1	1	1	1	1	1	1	1	1	1	1	1	1	1	1	1	1	1	1	1	1	1	1	1	1	1	1	1	1	1	1	1
T02	2	2	2	1	2	2	2	2	2	2	2	2	2	2	2	2	2	1	1	1	3	3	1	2	2	2	2	1	2	2	2	2	2	2	2	2	2	2	2	2	2	2	2	2	2	2	2	2	2	2	2	2	2	1	1	3	2
C110	1	1	1	1	1	1	1	1	1	1	1	1	1	1	1	1	1	1	1	1	1	1	2	1	1	1	1	1	1	1	1	1	1	1	1	1	1	1	1	1	1	1	1	1	1	1	1	1	1	1	1	1	1	1	1	1	1
C48	3	3	3	3	3	3	3	5	3	3	4	3	3	3	3	4	3	3	3	3	3	3	2	3	3	3	3	3	3	3	3	3	3	3	3	3	3	3	3	3	3	3	3	3	3	3	3	3	3	3	3	3	3	3	3	3	3
S16	2	2	2	2	2	2	2	2	2	2	3	2	2	2	2	2	2	2	2	2	2	2	2	2	2	2	2	2	2	2	2	2	2	2	2	2	2	2	2	2	2	2	2	2	2	2	2	2	2	2	2	2	2	2	2	2	2
M24X	2	2	2	2	2	2	2	2	2	2	2	2	2	2	2	2	2	2	2	2	2	2	2	2	2	2	2	1	2	2	2	2	2	2	2	2	2	2	2	2	2	2	2	2	2	2	2	2	2	2	2	2	2	2	2	2	2
M18	2	2	2	2	2	2	2	2	2	2	2	2	2	2	2	2	2	2	2	2	2	2	2	2	2	2	2	2	2	2	2	2	2	2	2	2	2	2	2	2	2	2	2	2	2	2	2	2	2	2	2	2	2	2	2	2	2
M76	1	1	1	1	1	1	1	1	1	1	1	1	1	1	1	1	1	1	1	1	1	1	1	1	1	1	1	1	1	1	1	1	1	1	1	1	1	1	1	1	1	1	1	1	1	1	1	1	1	1	1	1	1	1	1	1	1
S09X	37	35	67	30	70	73	66	34	36	41	33	22	64	72	70	57	29	12	11	12	71	74	27	27	15	64	29	27	27	11	26	31	33	33	38	45	44	45	42	44	37	66	70	38	37	37	36	62	38	40	38	39	49	15	12	71	25
C65	1	1	1	1	1	1	1	1	1	1	1	1	1	1	1	1	1	1	1	1	1	1	1	1	1	1	1	1	1	1	1	1	1	1	1	1	1	1	1	1	1	1	1	1	1	1	1	1	1	1	1	1	1	1	1	1	1
M20X	4	5	5	4	3	3	3	1	1	1	1	2	4	5	5	2	2	3	2	2	5	5	4	3	2	3	1	1	2	3	3	3	3	3	3	3	3	3	4	5	5	3	3	2	1	1	1	4	3	3	3	3	3	3	3	5	3
S53	5	4	5	5	6	6	6	5	5	5	5	4	6	6	6	5	5	4	3	12	6	6	5	7	8	6	4	5	9	5	5	5	5	5	5	5	5	5	5	5	5	6	6	5	5	5	5	6	5	5	5	5	5	5	4	6	7
A22B	1	1	1	1	1	1	1	1	1	1	1	1	1	1	1	1	1	1	1	1	1	1	1	1	1	1	1	1	1	1	1	1	1	1	1	1	1	1	1	1	1	1	1	1	1	1	1	1	1	1	1	1	1	1	1	1	1
M16B	3	3	3	3	3	3	3	2	3	3	3	3	3	3	3	3	3	3	3	3	3	3	3	2	3	3	3	3	3	3	3	3	3	3	3	3	3	3	3	3	3	3	3	3	3	3	3	3	3	3	3	3	3	3	3	3	3
M16C	2	2	2	2	2	2	2	2	2	2	2	2	2	2	2	2	2	2	2	2	2	2	2	2	2	2	2	2	1	2	2	2	2	2	2	2	2	2	2	2	2	2	2	2	2	2	2	2	2	2	2	2	2	2	2	2	2
T05	1	1	1	1	1	1	1	1	1	1	1	1	1	1	1	1	1	1	1	1	1	1	1	1	1	1	1	1	1	1	1	1	1	1	1	1	1	1	1	1	1	1	1	1	1	1	1	1	1	1	1	1	1	1	1	1	1
S54	4	4	4	4	3	4	3	3	3	3	3	4	4	4	4	4	3	4	3	3	3	3	4	3	3	3	3	2	3	3	3	3	3	3	3	4	4	4	4	4	4	3	3	4	3	3	3	4	3	3	3	3	3	3	3	3	3
A01A	14	16	20	15	20	20	19	17	17	18	15	12	20	21	17	17	13	11	10	9	19	19	12	15	13	21	11	15	14	9	13	14	14	14	15	17	17	17	17	17	16	19	20	17	17	17	17	20	15	15	15	15	15	11	11	19	14
C50	1	1	1	1	1	1	1	1	1	1	1	1	1	1	1	1	1	1	1	1	1	1	1	1	1	1	1	1	1	1	1	1	1	1	1	1	1	1	1	1	1	1	1	1	1	1	1	1	1	1	1	1	1	1	1	1	1
S09C	7	8	10	5	7	9	12	8	8	5	6	5	7	8	13	7	5	3	3	3	16	16	4	6	6	13	2	8	8	6	7	7	7	7	7	7	7	7	7	8	8	9	9	6	6	6	8	7	7	7	7	7	7	3	3	16	6
M38	11	11	11	8	11	11	13	9	10	10	7	8	17	14	11	10	8	7	7	7	12	12	8	7	8	15	8	12	10	7	9	9	9	9	9	10	10	10	10	11	11	11	11	9	9	9	9	14	9	9	9	9	9	7	7	12	8
C01B	0	0	0	0	0	0	0	0	0	0	0	0	0	0	0	0	0	0	0	0	0	0	0	1	1	2	0	1	2	1	1	1	1	1	0	0	0	0	0	0	0	0	0	0	0	0	0	0	0	0	0	0	0	0	0	0	1
T03	4	4	3	4	3	3	4	3	3	3	3	3	3	4	3	3	3	3	3	3	3	3	3	3	2	4	3	3	3	3	3	3	3	3	3	3	3	3	3	3	4	3	3	3	3	3	3	3	3	3	3	3	3	3	3	3	3
C14B	2	2	4	3	2	2	2	2	2	2	2	2	3	4	2	2	2	2	2	2	3	3	2	4	3	4	2	3	3	3	3	3	3	3	2	2	2	2	2	2	2	2	2	2	2	2	2	3	2	2	2	2	2	2	2	3	3
I09	2	2	2	2	2	2	2	1	1	1	1	0	2	1	1	1	1	1	1	1	2	2	1	1	1	1	0	0	1	1	1	1	1	1	1	1	1	2	2	2	2	2	2	1	1	1	1	1	1	1	1	1	1	1	1	2	1
M79	1	1	1	1	1	1	1	1	1	1	1	1	1	1	1	1	1	1	1	1	1	1	1	1	1	1	1	1	1	1	1	1	1	1	1	1	1	1	1	1	1	1	1	1	1	1	1	1	1	1	1	1	1	1	1	1	1
M16A	1	1	1	0	1	1	1	1	1	1	1	1	1	1	1	0	1	1	1	1	0	1	0	0	1	1	0	1	1	1	1	1	1	1	1	1	1	1	1	1	1	1	1	1	1	1	1	1	1	1	1	1	1	1	1	1	1
C02A	4	4	4	3	4	4	4	3	4	4	2	3	4	4	4	3	2	2	2	2	4	4	2	4	4	4	3	2	3	3	3	3	3	3	3	4	4	4	4	4	4	4	4	4	4	4	4	4	3	3	3	3	3	2	2	4	4
S12	10	8	14	5	12	13	18	8	9	9	7	5	11	12	14	10	6	1	1	1	16	16	5	4	3	10	0	7	6	5	6	6	6	6	7	9	9	9	9	10	10	13	13	8	8	8	8	11	7	7	7	7	9	1	1	16	4
M80	3	3	3	3	3	3	3	3	3	3	3	3	3	3	3	3	3	3	3	3	3	3	3	3	3	3	3	2	3	3	3	3	3	3	3	3	3	3	3	3	3	3	3	3	3	3	3	3	3	3	3	3	3	3	3	3	3
M49	1	1	1	1	1	1	1	1	1	1	1	1	2	1	2	2	1	1	1	1	1	1	1	1	1	1	1	1	1	1	1	1	1	1	1	1	1	1	1	1	1	1	1	1	1	1	1	1	1	1	1	1	2	1	1	1	1
M41	2	2	2	2	2	2	2	2	2	2	2	2	2	2	2	2	2	2	2	2	2	2	2	2	2	2	2	2	2	2	2	2	2	2	2	2	2	2	2	2	2	2	2	2	2	2	2	2	2	2	2	2	2	2	2	2	2
M20A	6	5	6	6	6	6	6	5	5	5	5	3	6	6	5	6	3	2	2	3	4	4	3	3	2	5	3	4	8	4	4	4	4	4	4	6	6	6	6	6	6	6	6	5	5	5	5	6	4	4	4	4	5	3	2	4	3
S08A	2	4	8	6	11	15	13	5	6	6	5	3	11	10	10	12	7	1	1	1	9	9	6	8	9	12	3	8	6	6	7	7	7	7	7	7	7	7	6	6	4	13	13	6	6	6	6	10	7	7	7	7	9	1	1	9	8
S28	4	4	5	5	5	5	5	5	5	5	5	4	5	5	5	5	4	3	3	3	5	5	5	4	4	5	4	5	4	4	5	5	5	5	5	5	5	5	5	5	4	5	5	5	5	5	5	5	5	5	5	5	5	3	3	5	4
C56	2	2	2	2	3	3	3	2	2	2	2	2	2	2	2	2	2	2	2	2	2	2	2	2	2	3	2	2	1	2	2	2	2	2	2	2	2	2	2	2	2	3	3	2	2	2	2	2	2	2	2	2	2	2	2	2	2
M01	3	3	3	3	3	3	3	3	3	3	3	3	3	3	3	3	3	3	3	3	3	3	3	3	3	3	3	3	3	3	3	3	3	3	3	3	3	3	3	3	3	3	3	3	3	3	3	3	3	3	3	3	3	3	3	3	3
M12B	1	1	1	1	1	1	1	1	1	1	1	1	1	1	1	1	1	1	1	1	1	1	1	1	1	1	1	1	1	1	1	1	1	1	1	1	1	1	1	1	1	1	1	1	1	1	1	1	1	1	1	1	1	1	1	1	1
M67A	4	4	4	3	4	4	4	3	3	3	2	3	4	3	4	3	3	4	4	3	3	3	3	4	4	4	4	4	3	3	3	3	3	3	3	3	3	3	3	4	4	4	4	3	3	3	3	3	3	3	3	3	3	3	4	3	4
C85B	0	0	0	0	0	0	1	0	0	0	0	0	0	0	0	0	0	0	0	0	0	0	1	1	1	0	0	0	1	1	1	1	1	1	1	1	1	1	0	0	0	1	0	0	0	0	0	0	1	0	0	0	0	0	0	0	1
T01X	1	1	1	1	1	1	1	1	1	1	1	1	1	1	1	1	1	1	1	1	1	1	1	1	1	1	1	1	1	1	1	1	1	1	1	1	1	1	1	1	1	1	1	1	1	1	1	1	1	1	1	1	1	1	1	1	1
M19	3	3	2	1	2	2	2	1	1	2	2	1	4	3	2	2	1	1	1	1	2	2	2	2	1	6	2	4	2	2	2	2	2	2	2	2	2	2	2	2	3	2	2	2	2	2	1	3	2	2	2	2	2	1	1	2	2
S59	1	1	1	1	1	1	1	1	1	1	1	1	1	1	1	1	1	1	1	1	1	1	1	1	1	1	1	1	1	1	1	1	1	1	1	1	1	1	1	1	1	1	1	1	1	1	1	1	1	1	1	1	1	1	1	1	1
C85A	1	1	1	1	1	1	1	1	1	1	1	1	1	1	1	1	1	1	1	1	1	1	1	1	1	1	0	1	1	1	1	1	1	1	1	1	1	1	1	1	1	1	1	1	1	1	1	1	1	1	1	1	1	1	1	1	1
M28E	1	1	1	1	1	1	1	1	1	1	1	1	1	1	1	2	1	1	1	1	1	1	1	1	1	1	1	1	1	1	1	1	1	1	1	1	1	1	1	1	1	1	1	1	1	1	1	1	1	1	1	1	1	1	1	1	1
C13	1	1	1	1	1	1	1	1	1	1	1	1	1	1	1	1	1	1	1	1	1	1	1	1	1	1	1	1	1	1	1	1	1	1	1	1	1	1	1	1	1	1	1	1	1	1	1	1	1	1	1	1	1	1	1	1	1
I32	1	1	1	1	1	1	1	1	1	1	1	1	1	1	1	1	1	1	1	1	1	1	1	1	1	1	1	0	1	1	1	1	1	1	1	1	1	1	1	1	1	1	1	1	1	1	1	1	1	1	1	1	1	1	1	1	1
M03A	2	2	2	2	3	3	3	2	3	2	2	2	5	2	2	2	2	2	2	2	4	6	2	2	2	5	2	5	2	2	2	2	2	2	2	2	2	2	2	2	2	3	3	2	2	2	2	2	2	2	2	2	2	2	2	4	2
I51	1	1	1	0	1	1	1	1	1	1	1	0	1	1	1	1	0	0	0	0	1	1	0	1	0	1	1	1	1	1	1	1	1	1	1	1	1	1	1	1	1	1	1	1	1	1	1	1	1	1	1	1	1	0	0	1	1
M67X	2	2	2	2	2	2	2	2	2	2	2	2	2	2	2	2	2	2	2	2	2	2	2	2	2	2	2	1	2	2	2	2	2	2	2	2	2	2	2	2	2	2	2	2	2	2	2	2	2	2	2	2	2	2	2	2	2
C15	1	1	1	1	2	2	2	1	1	1	1	1	1	2	1	1	2	1	1	1	1	1	1	1	1	1	1	1	1	1	1	1	1	1	1	1	1	1	1	1	1	2	2	1	1	1	1	1	1	1	1	1	1	1	1	1	1
C115	1	1	1	1	1	1	1	1	1	1	1	1	1	1	1	1	1	1	1	1	1	1	0	1	1	1	1	1	1	1	1	1	1	1	1	1	1	1	1	1	1	1	1	1	1	1	1	1	1	1	1	1	1	1	1	1	1
S26A	2	2	2	2	2	2	2	2	2	2	2	2	2	2	2	2	2	2	2	2	2	2	2	2	2	2	2	2	1	2	2	2	2	2	2	2	2	2	2	2	2	2	2	2	2	2	2	2	2	2	2	2	2	2	2	2	2
M20F	2	2	2	2	2	2	2	2	2	2	2	2	2	2	2	2	2	2	2	2	2	2	2	2	2	2	2	2	2	2	2	2	2	2	2	2	2	2	2	2	2	2	2	2	2	2	2	2	2	2	2	2	2	2	2	2	2
A28A	1	1	1	1	1	1	1	1	1	1	1	1	1	1	1	1	1	1	1	1	1	1	1	1	1	1	1	1	1	1	1	1	1	1	1	1	1	1	1	1	1	1	1	1	1	1	1	1	1	1	1	1	1	1	1	1	1
S26B	1	1	1	1	1	1	1	1	1	1	1	1	1	1	1	1	1	1	1	1	1	1	1	1	1	1	2	1	1	1	1	1	1	1	1	1	1	1	1	1	1	1	1	1	1	1	1	1	1	1	1	1	1	1	1	1	1
M28B	2	2	2	2	2	2	2	2	2	2	2	2	2	2	2	2	2	2	2	2	2	2	2	2	2	2	2	2	2	2	2	2	2	2	2	2	2	2	2	2	2	2	2	2	2	2	2	2	2	2	2	2	2	2	2	2	2
M13	1	1	1	1	1	1	1	1	1	1	1	1	1	1	1	1	1	1	1	1	1	1	1	1	1	1	1	1	1	1	1	1	1	1	1	1	1	1	1	1	1	1	1	1	1	1	1	1	1	1	1	1	1	1	1	1	1
I87	2	2	2	1	2	2	2	2	2	2	2	2	2	2	1	1	2	1	1	1	1	1	2	2	2	1	2	2	2	2	2	2	2	2	2	2	2	2	2	2	2	2	2	2	2	2	2	2	2	1	1	1	1	1	1	1	2
M48A	1	1	1	1	1	1	1	1	1	1	1	1	1	1	1	1	1	1	1	2	1	1	1	1	1	1	1	1	1	1	1	1	1	1	1	1	1	1	1	1	1	1	1	1	1	1	1	1	1	1	1	1	1	1	1	1	1
M48C	1	1	1	1	1	1	1	1	1	1	1	1	1	1	1	1	1	1	1	1	1	1	1	1	1	1	1	1	1	1	1	1	1	1	1	1	1	1	1	1	1	1	1	1	1	1	1	1	1	1	1	1	1	1	1	1	1
S66	0	0	1	1	1	1	1	1	1	1	1	0	1	1	0	0	0	0	0	0	0	0	0	0	0	1	0	0	1	1	1	1	1	1	1	1	1	1	1	1	0	1	1	1	1	1	1	1	0	0	0	0	0	0	0	0	0
M81	1	1	1	1	1	1	1	1	1	1	1	1	1	1	1	1	1	1	1	1	1	1	1	2	1	1	1	1	1	1	1	1	1	1	1	1	1	1	1	1	1	1	1	1	1	1	1	1	1	1	1	1	1	1	1	1	1
