contig_id	mean_contig_cov	cluster_id	nucl_freq.gc	length
NODE_100_length_78594_cov_70.323142	478.237428571429	19	57.2244700613278	78594
NODE_101_length_78202_cov_72.697304	491.414	19	54.8259635303445	78202
NODE_102_length_77661_cov_71.175342	483.480142857143	19	55.3559701780817	77661
NODE_103_length_73112_cov_70.321381	479.02	19	57.1014334172229	73112
NODE_104_length_71994_cov_71.244966	482.287571428571	19	54.265633247215	71994
NODE_105_length_71850_cov_71.139871	484.490857142857	19	49.0647181628392	71850
NODE_106_length_71625_cov_71.325548	481.508857142857	19	56.8949389179756	71625
NODE_107_length_69924_cov_71.452613	482.436666666667	19	55.7920027458383	69924
NODE_108_length_68355_cov_69.581946	469.353666666667	19	57.711944993051	68355
NODE_109_length_66687_cov_73.124970	496.386666666667	19	53.5246749741329	66687
NODE_10_length_699328_cov_71.104258	482.690130434783	19	56.5275521643635	699328
NODE_110_length_66615_cov_72.877437	492.352	19	53.6891090595211	66615
NODE_111_length_65661_cov_71.496612	484.999166666667	19	56.2662767853063	65661
NODE_112_length_64526_cov_73.616578	499.232666666667	19	53.1367200818275	64526
NODE_113_length_62555_cov_70.928333	479.367166666667	19	56.117017025018	62555
NODE_114_length_60883_cov_73.181447	496.165166666667	19	53.4549874349161	60883
NODE_115_length_59707_cov_70.338100	477.3786	19	56.1307719362889	59707
NODE_116_length_57450_cov_71.088882	479.1054	19	55.1784160139252	57450
NODE_117_length_56942_cov_72.456006	489.7244	19	55.3317410698606	56942
NODE_118_length_53573_cov_71.896681	484.2528	19	55.9292927407463	53573
NODE_119_length_53053_cov_71.933303	483.8644	19	55.7367161140746	53053
NODE_11_length_666932_cov_71.387966	483.090121212121	19	56.115615984838	666932
NODE_120_length_51001_cov_73.639364	496.8406	19	46.1520362345836	51001
NODE_121_length_50296_cov_71.812872	484.1818	19	56.9588038810243	50296
NODE_122_length_47714_cov_71.473575	482.4265	19	55.0173953137444	47714
NODE_123_length_47628_cov_72.658260	492.30625	19	53.72679936172	47628
NODE_124_length_47239_cov_69.106342	470.49475	19	57.6261140159614	47239
NODE_125_length_45781_cov_69.706181	468.4015	19	58.0808632402088	45781
NODE_126_length_44038_cov_72.935506	500.31275	25	46.4939370543621	44038
NODE_127_length_43005_cov_69.786114	473.54375	19	57.8467620044181	43005
NODE_128_length_41515_cov_69.292742	468.90375	19	57.4539323136216	41515
NODE_129_length_40043_cov_71.177097	484.69775	19	41.3580401068851	40043
NODE_12_length_625089_cov_70.161810	474.039032258065	19	56.5005943153695	625089
NODE_130_length_39600_cov_71.203101	481.591333333333	19	57.3560606060606	39600
NODE_131_length_39598_cov_71.639533	483.374666666667	19	56.1290974291631	39598
NODE_132_length_35828_cov_72.583401	491.166666666667	25	37.9033158423579	35828
NODE_133_length_35436_cov_68.697244	464.669666666667	19	58.2853595213907	35436
NODE_134_length_34431_cov_70.687762	477.921666666667	19	57.2710638668642	34431
NODE_135_length_33488_cov_68.307904	460.882333333333	19	59.2600334448161	33488
NODE_136_length_33128_cov_2196.339868	14847.511	22	24.87321902922	33128
NODE_137_length_30544_cov_72.501923	487.098666666667	19	53.9582242011524	30544
NODE_138_length_30010_cov_70.794130	477.946	19	55.4348550483172	30010
NODE_139_length_28202_cov_70.990312	490.546	19	38.6639245443586	28202
NODE_13_length_624872_cov_71.311101	482.123612903226	19	55.2527557643805	624872
NODE_140_length_26839_cov_69.167228	467.2905	19	56.9208986922016	26839
NODE_141_length_26316_cov_70.064836	471.8845	19	57.2275421796626	26316
NODE_142_length_23722_cov_72.170078	491.375	19	53.9583508979007	23722
NODE_143_length_23579_cov_70.183609	476.7895	19	54.9302345307265	23579
NODE_144_length_23402_cov_71.113942	475.5575	4	37.3130501666524	23402
NODE_145_length_20303_cov_78.199891	527.0705	4	22.4351081121017	20303
NODE_146_length_18436_cov_882.220766	6076.994	8	56.2594922976785	18436
NODE_147_length_17488_cov_70.395887	473.246	19	57.3764867337603	17488
NODE_148_length_16788_cov_69.933677	469.65	19	58.0831546342626	16788
NODE_149_length_16090_cov_71.498215	484.229	19	53.1696706028589	16090
NODE_14_length_588514_cov_71.036180	481.471603448276	19	55.9947596828623	588514
NODE_150_length_15255_cov_68.442887	457.416	19	59.4362504097017	15255
NODE_151_length_14912_cov_67.925600	455.953	19	60.5619635193133	14912
NODE_152_length_14813_cov_69.416179	466.345	19	59.5490447579829	14813
NODE_153_length_13244_cov_71.875276	485.211	19	55.3307157958321	13244
NODE_154_length_11497_cov_69.512753	471.371	19	54.5011742193616	11497
NODE_155_length_11391_cov_71.397905	483.933	19	52.3659029058028	11391
NODE_156_length_10851_cov_71.238157	477.75	19	52.4652105796701	10851
NODE_157_length_10828_cov_72.306700	484.685	4	22.01699298116	10828
NODE_158_length_8685_cov_59.857677	431.752	20	23.1663788140472	8685
NODE_159_length_7771_cov_4601.692962	33286.976	15	57.2255822931412	7771
NODE_15_length_573440_cov_71.641759	485.015649122807	19	55.2573939732143	573440
NODE_160_length_6470_cov_67.634715	454.586	4	30.1545595054096	6470
NODE_161_length_5936_cov_141.256154	925.003	24	57.5134770889488	5936
NODE_162_length_5381_cov_70.527027	470.993	19	54.9340271325033	5381
NODE_163_length_5289_cov_74.487795	495.893	19	48.6859519757988	5289
NODE_164_length_5232_cov_67.059354	441.086	5	61.5252293577982	5232
NODE_165_length_5024_cov_67.631407	447.239	5	58.5191082802548	5024
NODE_166_length_4660_cov_65.133907	445.88	22	39.8927038626609	4660
NODE_167_length_4588_cov_70.101771	468.082	19	52.6809067131648	4588
NODE_168_length_3995_cov_63.919855	419.519	16	60.9762202753442	3995
NODE_169_length_3863_cov_157.535867	1000.889	4	19.8291483303132	3863
NODE_16_length_566714_cov_72.184268	488.519375	19	52.7611811248707	566714
NODE_170_length_3413_cov_65.202374	436.398	13	50.5713448578963	3413
NODE_171_length_2855_cov_71.672287	472.484	10	46.6900175131348	2855
NODE_172_length_2760_cov_65.088872	434.617	4	26.8115942028986	2760
NODE_173_length_2697_cov_70.655642	467.241	4	22.5064886911383	2697
NODE_174_length_2669_cov_60.821007	400.939	7	61.0340951667291	2669
NODE_175_length_2300_cov_58.657616	384.87	24	59	2300
NODE_176_length_2286_cov_65.758221	430.022	5	61.1986001749781	2286
NODE_177_length_2189_cov_54.549467	363.33	22	34.125171311101	2189
NODE_178_length_2113_cov_668.141490	4600.192	3	52.4372929484146	2113
NODE_179_length_1645_cov_151.111331	924.11	4	15.1367781155015	1645
NODE_17_length_559655_cov_71.704481	485.217181818182	19	55.7929438672039	559655
NODE_180_length_1472_cov_142.720446	876.626	12	45.0407608695652	1472
NODE_181_length_1437_cov_56.031298	385.316	22	39.7355601948504	1437
NODE_182_length_1354_cov_59.088835	376.169	11	56.7208271787297	1354
NODE_183_length_1259_cov_55.820671	403.423	2	71.0087370929309	1259
NODE_184_length_1017_cov_108.111236	687.801	22	34.8082595870207	1017
NODE_185_length_1016_cov_80.752531	553.353	22	42.1259842519685	1016
NODE_186_length_1010_cov_51.477916	356.183	1	54.1584158415842	1010
NODE_187_length_1009_cov_250.867347	1577.444	22	32.804757185332	1009
NODE_188_length_922_cov_64.466667	385.936	NA	53.0368763557484	922
NODE_189_length_821_cov_68.046110	390.352	NA	59.5615103532278	821
NODE_18_length_558803_cov_72.379415	490.654618181818	19	53.9547926550144	558803
NODE_190_length_772_cov_0.376744	3.036	NA	44.9481865284974	772
NODE_191_length_753_cov_0.426518	11.22	NA	43.6918990703851	753
NODE_192_length_725_cov_161.750836	971.48	NA	41.3793103448276	725
NODE_193_length_706_cov_81.582038	475.965	NA	42.0679886685552	706
NODE_194_length_699_cov_0.215035	3.851	NA	56.6523605150215	699
NODE_195_length_675_cov_6.231752	113.127	NA	64.2962962962963	675
NODE_196_length_640_cov_195.962963	1044.033	NA	16.09375	640
NODE_197_length_625_cov_64.889558	479.416	NA	42.4	625
NODE_198_length_557_cov_42.674419	252.022	NA	16.6965888689408	557
NODE_199_length_552_cov_0.242353	1.368	NA	63.0434782608696	552
NODE_19_length_536153_cov_71.981857	487.279396226415	19	54.075609014591	536153
NODE_1_length_1408705_cov_72.036633	487.140757142857	19	53.6845542537295	1408705
NODE_200_length_543_cov_244.557692	1133.407	NA	41.2523020257827	543
NODE_201_length_527_cov_82.062500	607.044	NA	44.4022770398482	527
NODE_202_length_516_cov_103.102828	794.828	NA	57.7519379844961	516
NODE_203_length_499_cov_0.610215	3.012	NA	55.5110220440882	499
NODE_204_length_499_cov_0.376344	1.808	NA	31.8637274549098	499
NODE_205_length_491_cov_0.527473	4.996	NA	47.0468431771894	491
NODE_206_length_481_cov_0.403955	1.881	NA	62.993762993763	481
NODE_207_length_459_cov_70.009036	317.351	NA	32.6797385620915	459
NODE_208_length_449_cov_385.133540	1531.198	NA	51.2249443207127	449
NODE_209_length_449_cov_39.826087	193.989	NA	5.34521158129176	449
NODE_20_length_530363_cov_72.067941	487.791396226415	19	54.3293932646131	530363
NODE_210_length_447_cov_0.446875	2.025	NA	56.5995525727069	447
NODE_211_length_436_cov_0.297735	1.376	NA	53.2110091743119	436
NODE_212_length_435_cov_0.308442	1.386	NA	57.2413793103448	435
NODE_213_length_430_cov_0.290429	1.386	NA	59.0697674418605	430
NODE_214_length_429_cov_0.307947	1.401	NA	37.2960372960373	429
NODE_215_length_427_cov_0.313333	1.41	NA	59.9531615925059	427
NODE_216_length_424_cov_0.262626	2.085	NA	57.5471698113208	424
NODE_217_length_410_cov_38.883392	3141.729	NA	59.7560975609756	410
NODE_218_length_408_cov_0.234875	1.478	NA	65.1960784313726	408
NODE_219_length_406_cov_0.494624	2.217	NA	58.3743842364532	406
NODE_21_length_517819_cov_71.806053	486.007137254902	19	54.9581996798109	517819
NODE_220_length_405_cov_185.104317	767.728	NA	51.1111111111111	405
NODE_221_length_404_cov_0.519856	2.243	NA	39.6039603960396	404
NODE_222_length_400_cov_0.351648	1.51	NA	60	400
NODE_223_length_395_cov_0.317164	1.501	NA	58.4810126582278	395
NODE_224_length_393_cov_0.353383	1.532	NA	62.5954198473282	393
NODE_225_length_392_cov_0.788679	3.546	NA	38.5204081632653	392
NODE_226_length_390_cov_0.368821	4.882	NA	51.2820512820513	390
NODE_227_length_385_cov_0.542636	2.343	NA	61.2987012987013	385
NODE_228_length_383_cov_1.398438	16.446	NA	55.0913838120104	383
NODE_229_length_382_cov_0.541176	2.359	NA	62.303664921466	382
NODE_22_length_485729_cov_71.601186	485.070229166667	19	52.8101060467874	485729
NODE_230_length_382_cov_0.470588	1.976	NA	53.9267015706806	382
NODE_231_length_382_cov_0.360784	1.579	NA	46.5968586387435	382
NODE_232_length_380_cov_1.715415	8.021	NA	25.7894736842105	380
NODE_233_length_380_cov_0.565217	2.382	NA	65.7894736842105	380
NODE_234_length_377_cov_0.460000	4.3	NA	49.0716180371353	377
NODE_235_length_373_cov_0.479675	2.424	NA	68.9008042895442	373
NODE_236_length_373_cov_0.215447	3.102	NA	50.402144772118	373
NODE_237_length_372_cov_354.555102	918.815	NA	48.6559139784946	372
NODE_238_length_372_cov_0.387755	1.621	NA	58.3333333333333	372
NODE_239_length_372_cov_0.293878	1.218	NA	59.1397849462366	372
NODE_23_length_482463_cov_71.811853	485.511229166667	19	55.8144355111169	482463
NODE_240_length_369_cov_132.971074	559.981	NA	52.3035230352304	369
NODE_241_length_368_cov_0.593361	2.459	NA	58.4239130434783	368
NODE_242_length_368_cov_0.290456	1.226	NA	33.695652173913	368
NODE_243_length_367_cov_0.591667	2.463	NA	59.4005449591281	367
NODE_244_length_365_cov_0.197479	1.573	NA	64.3835616438356	365
NODE_245_length_362_cov_0.604255	2.497	NA	65.7458563535912	362
NODE_246_length_359_cov_0.478448	4.273	NA	47.075208913649	359
NODE_247_length_357_cov_0.521739	2.115	NA	39.4957983193277	357
NODE_248_length_357_cov_0.408696	1.686	NA	60.5042016806723	357
NODE_249_length_357_cov_0.404348	1.683	NA	57.4229691876751	357
NODE_24_length_480484_cov_72.136444	488.162854166667	19	54.9556280750244	480484
NODE_250_length_355_cov_0.394737	1.699	NA	59.1549295774648	355
NODE_251_length_352_cov_70.644444	260.545	NA	31.25	352
NODE_252_length_352_cov_0.293333	1.631	NA	61.6477272727273	352
NODE_253_length_351_cov_0.642857	2.581	NA	53.5612535612536	351
NODE_254_length_350_cov_0.295964	2.114	NA	54	350
NODE_255_length_349_cov_0.644144	2.593	NA	53.8681948424069	349
NODE_256_length_343_cov_0.425926	1.761	NA	60.6413994169096	343
NODE_257_length_343_cov_0.166667	1.321	NA	39.9416909620991	343
NODE_258_length_342_cov_0.665116	2.646	NA	35.672514619883	342
NODE_259_length_342_cov_0.441860	2.205	NA	61.6959064327485	342
NODE_25_length_464830_cov_71.162605	481.217717391304	19	56.1028763203752	464830
NODE_260_length_342_cov_0.437209	1.76	NA	40.3508771929825	342
NODE_261_length_340_cov_0.431925	1.765	NA	60.2941176470588	340
NODE_262_length_340_cov_0.140845	1.776	NA	62.3529411764706	340
NODE_263_length_338_cov_0.426540	1.769	NA	34.3195266272189	338
NODE_264_length_337_cov_0.680952	2.685	NA	60.2373887240356	337
NODE_265_length_335_cov_0.903846	3.594	NA	62.6865671641791	335
NODE_266_length_335_cov_0.230769	1.803	NA	63.5820895522388	335
NODE_267_length_333_cov_0.165049	1.36	NA	59.7597597597598	333
NODE_268_length_332_cov_0.351220	1.364	NA	61.7469879518072	332
NODE_269_length_330_cov_0.275862	1.83	NA	62.4242424242424	330
NODE_26_length_463254_cov_71.035636	481.43952173913	19	56.3686444153747	463254
NODE_270_length_329_cov_1.509901	11.401	NA	52.5835866261398	329
NODE_271_length_329_cov_0.381188	1.827	NA	59.8784194528875	329
NODE_272_length_328_cov_1.288557	7.39	NA	42.3780487804878	328
NODE_273_length_327_cov_1.380000	3.645	NA	55.6574923547401	327
NODE_274_length_327_cov_0.360000	1.847	NA	56.8807339449541	327
NODE_275_length_327_cov_0.120000	1.838	NA	57.7981651376147	327
NODE_276_length_326_cov_0.341709	3.135	NA	53.3742331288344	326
NODE_277_length_326_cov_0.311558	1.85	NA	58.5889570552147	326
NODE_278_length_326_cov_0.241206	1.758	NA	59.2024539877301	326
NODE_279_length_324_cov_1.477157	192.247	NA	73.1481481481482	324
NODE_27_length_461031_cov_71.652082	485.958956521739	19	55.6274957649269	461031
NODE_280_length_323_cov_0.357143	1.396	NA	58.5139318885449	323
NODE_281_length_322_cov_0.492308	1.876	NA	61.8012422360248	322
NODE_282_length_320_cov_0.502591	4.331	NA	53.4375	320
NODE_283_length_319_cov_0.088542	1.351	NA	50.1567398119122	319
NODE_284_length_316_cov_0.253968	1.703	NA	67.0886075949367	316
NODE_285_length_315_cov_0.510638	3.238	NA	50.1587301587302	315
NODE_286_length_315_cov_0.473404	1.917	NA	67.6190476190476	315
NODE_287_length_315_cov_0.324468	159.829	NA	35.5555555555556	315
NODE_288_length_314_cov_0.310160	4.191	NA	48.0891719745223	314
NODE_289_length_311_cov_0.907609	5.248	NA	42.443729903537	311
NODE_28_length_457538_cov_71.396554	484.509977777778	19	55.4653383981221	457538
NODE_290_length_311_cov_0.782609	4.315	NA	55.6270096463022	311
NODE_291_length_309_cov_0.725275	3.916	NA	43.042071197411	309
NODE_292_length_309_cov_0.225275	1.761	NA	53.7216828478964	309
NODE_293_length_307_cov_1.533333	1.954	NA	43.6482084690554	307
NODE_294_length_307_cov_0.511111	3.401	NA	51.1400651465798	307
NODE_295_length_306_cov_1.251397	11.608	NA	48.3660130718954	306
NODE_296_length_306_cov_0.743017	3.83	NA	49.3464052287582	306
NODE_297_length_305_cov_0.528090	1.974	NA	57.0491803278689	305
NODE_298_length_304_cov_0.395480	1.484	NA	56.25	304
NODE_299_length_302_cov_0.542857	1.997	NA	64.5695364238411	302
NODE_29_length_455896_cov_70.906861	482.004755555556	19	56.439626581501	455896
NODE_2_length_1249106_cov_71.745293	485.780459677419	19	55.3022721850668	1249106
NODE_300_length_302_cov_0.274286	1.5	NA	45.364238410596	302
NODE_301_length_301_cov_0.528736	1.993	NA	55.4817275747508	301
NODE_302_length_300_cov_49.144509	200.14	NA	26.6666666666667	300
NODE_303_length_300_cov_0.491329	3.01	NA	48.3333333333333	300
NODE_304_length_299_cov_0.959302	3.525	NA	54.180602006689	299
NODE_305_length_298_cov_0.415205	1.517	NA	64.0939597315436	298
NODE_306_length_298_cov_0.140351	1.997	NA	55.3691275167785	298
NODE_307_length_297_cov_130.717647	302.104	NA	56.2289562289562	297
NODE_308_length_297_cov_0.552941	2.034	NA	51.8518518518519	297
NODE_309_length_297_cov_0.329412	2.768	NA	52.8619528619529	297
NODE_30_length_444123_cov_70.189423	473.876772727273	19	57.5153729935176	444123
NODE_310_length_297_cov_0.276471	2.03	NA	60.6060606060606	297
NODE_311_length_296_cov_0.757396	4.179	NA	58.1081081081081	296
NODE_312_length_295_cov_0.571429	2.047	NA	61.3559322033898	295
NODE_313_length_295_cov_0.363095	1.532	NA	48.8135593220339	295
NODE_314_length_294_cov_0.574850	2.054	NA	28.2312925170068	294
NODE_315_length_294_cov_0.473054	8.384	NA	26.530612244898	294
NODE_316_length_293_cov_0.367470	1286.823	NA	65.5290102389078	293
NODE_317_length_291_cov_0.585366	2.076	NA	32.6460481099656	291
NODE_318_length_290_cov_0.883436	3.124	NA	51.7241379310345	290
NODE_319_length_290_cov_0.588957	2.083	NA	52.7586206896552	290
NODE_31_length_441078_cov_71.376733	484.352454545455	19	55.3054108343649	441078
NODE_320_length_289_cov_0.265432	3.509	NA	46.0207612456747	289
NODE_321_length_288_cov_0.590062	2.094	NA	54.8611111111111	288
NODE_322_length_288_cov_0.434783	1.566	NA	59.375	288
NODE_323_length_287_cov_0.600000	2.105	NA	57.8397212543554	287
NODE_324_length_287_cov_0.493750	6.672	NA	54.7038327526132	287
NODE_325_length_287_cov_0.443750	1.575	NA	63.0662020905923	287
NODE_326_length_287_cov_0.300000	4.979	NA	47.0383275261324	287
NODE_327_length_286_cov_0.603774	2.112	NA	58.7412587412587	286
NODE_328_length_286_cov_0.597484	2.108	NA	60.4895104895105	286
NODE_329_length_286_cov_0.591195	2.105	NA	60.8391608391608	286
NODE_32_length_421463_cov_71.314469	482.628833333333	19	56.0991119030615	421463
NODE_330_length_286_cov_0.377358	2.783	NA	45.1048951048951	286
NODE_331_length_284_cov_0.687898	2.085	NA	43.3098591549296	284
NODE_332_length_284_cov_0.611465	2.127	NA	42.6056338028169	284
NODE_333_length_284_cov_0.611465	4.884	NA	67.9577464788732	284
NODE_334_length_284_cov_0.146497	1.838	NA	43.6619718309859	284
NODE_335_length_283_cov_0.589744	3.265	NA	21.2014134275618	283
NODE_336_length_282_cov_0.748387	19.936	NA	58.8652482269504	282
NODE_337_length_281_cov_1.129870	30.178	NA	60.8540925266904	281
NODE_338_length_281_cov_0.311688	1.075	NA	61.9217081850534	281
NODE_339_length_281_cov_0.311688	1.075	NA	59.7864768683274	281
NODE_33_length_392910_cov_71.335139	483.006076923077	19	56.1148863607442	392910
NODE_340_length_281_cov_0.311688	1.075	NA	62.9893238434164	281
NODE_341_length_281_cov_0.311688	1.075	NA	66.9039145907473	281
NODE_342_length_281_cov_0.311688	1.075	NA	71.8861209964413	281
NODE_343_length_280_cov_0.313725	1.079	NA	57.1428571428571	280
NODE_344_length_280_cov_0.313725	1.079	NA	72.8571428571429	280
NODE_345_length_280_cov_0.313725	1.079	NA	57.8571428571429	280
NODE_346_length_280_cov_0.313725	1.079	NA	60.7142857142857	280
NODE_347_length_280_cov_0.313725	1.079	NA	68.9285714285714	280
NODE_348_length_280_cov_0.307190	1.075	NA	40.3571428571429	280
NODE_349_length_280_cov_0.307190	1.075	NA	52.8571428571429	280
NODE_34_length_391851_cov_69.983626	473.198487179487	19	57.4228469494782	391851
NODE_350_length_279_cov_0.493421	2.165	NA	67.0250896057348	279
NODE_351_length_279_cov_0.315789	1.082	NA	39.426523297491	279
NODE_352_length_279_cov_0.315789	1.082	NA	33.6917562724014	279
NODE_353_length_279_cov_0.315789	1.082	NA	49.4623655913978	279
NODE_354_length_279_cov_0.315789	1.082	NA	74.910394265233	279
NODE_355_length_279_cov_0.315789	1.082	NA	60.9318996415771	279
NODE_356_length_279_cov_0.315789	1.082	NA	59.8566308243728	279
NODE_357_length_279_cov_0.315789	1.082	NA	64.15770609319	279
NODE_358_length_279_cov_0.309211	1.079	NA	64.5161290322581	279
NODE_359_length_279_cov_0.309211	1.079	NA	66.6666666666667	279
NODE_35_length_391762_cov_70.910046	481.203794871795	19	56.2443524384703	391762
NODE_360_length_279_cov_0.309211	1.079	NA	60.9318996415771	279
NODE_361_length_279_cov_0.309211	1.079	NA	64.15770609319	279
NODE_362_length_279_cov_0.309211	1.079	NA	77.7777777777778	279
NODE_363_length_279_cov_0.302632	1.075	NA	62.7240143369176	279
NODE_364_length_279_cov_0.157895	1.62	NA	48.7455197132617	279
NODE_365_length_279_cov_0.111842	1.154	NA	46.594982078853	279
NODE_366_length_278_cov_168.258278	367.928	NA	47.1223021582734	278
NODE_367_length_257_cov_3.230769	20.385	NA	52.1400778210117	257
NODE_368_length_255_cov_4.960938	0.753	NA	43.5294117647059	255
NODE_369_length_255_cov_4.687500	0	NA	65.0980392156863	255
NODE_36_length_364703_cov_71.743883	485.617055555556	19	53.5353424567388	364703
NODE_370_length_255_cov_4.593750	1.6	NA	43.1372549019608	255
NODE_371_length_255_cov_4.406250	1.224	NA	42.3529411764706	255
NODE_372_length_255_cov_4.125000	22.4	NA	47.843137254902	255
NODE_373_length_255_cov_2.687500	10.616	NA	47.4509803921569	255
NODE_374_length_254_cov_5.677165	0.913	NA	64.1732283464567	254
NODE_375_length_254_cov_5.039370	0	NA	51.1811023622047	254
NODE_376_length_254_cov_4.330709	0.441	NA	64.5669291338583	254
NODE_377_length_254_cov_3.732283	20.634	NA	53.1496062992126	254
NODE_378_length_253_cov_4.253968	1.747	NA	50.9881422924901	253
NODE_379_length_253_cov_3.666667	4.577	NA	43.0830039525692	253
NODE_37_length_363842_cov_71.755168	485.125416666667	19	55.4559396661188	363842
NODE_380_length_253_cov_3.380952	4.632	NA	41.501976284585	253
NODE_381_length_253_cov_3.126984	6.917	NA	52.1739130434783	253
NODE_382_length_252_cov_5.736000	0.841	NA	40.8730158730159	252
NODE_383_length_252_cov_5.560000	10.988	NA	44.8412698412698	252
NODE_384_length_252_cov_5.432000	0	NA	42.8571428571429	252
NODE_385_length_252_cov_5.008000	38.81	NA	44.4444444444444	252
NODE_386_length_252_cov_4.336000	0	NA	47.6190476190476	252
NODE_387_length_251_cov_6.225806	1.61	NA	39.0438247011952	251
NODE_388_length_251_cov_3.516129	0	NA	52.191235059761	251
NODE_389_length_250_cov_35.845528	120.096	NA	46	250
NODE_38_length_343653_cov_70.755995	479.330823529412	19	55.8700200492939	343653
NODE_390_length_250_cov_24.439024	79.78	NA	41.6	250
NODE_391_length_250_cov_5.650407	2.976	NA	41.2	250
NODE_392_length_250_cov_2.991870	2.672	NA	46	250
NODE_393_length_249_cov_64.598361	216.639	NA	43.7751004016064	249
NODE_394_length_248_cov_4.305785	1.56	NA	43.1451612903226	248
NODE_395_length_248_cov_4.016529	1.855	NA	42.741935483871	248
NODE_396_length_247_cov_5.350000	2.826	NA	42.1052631578947	247
NODE_397_length_247_cov_2.650000	0	NA	65.9919028340081	247
NODE_398_length_247_cov_0.041667	2.502	NA	67.2064777327935	247
NODE_399_length_246_cov_2.563025	28.228	NA	32.520325203252	246
NODE_39_length_331032_cov_70.213910	474.989454545455	19	57.3711907005969	331032
NODE_3_length_1228168_cov_70.987152	480.18837704918	19	56.0898834687111	1228168
NODE_400_length_245_cov_18.559322	1654.147	NA	63.6734693877551	245
NODE_401_length_245_cov_18.296610	372.984	NA	64.0816326530612	245
NODE_402_length_244_cov_3.461538	6.615	NA	49.1803278688525	244
NODE_403_length_243_cov_5.500000	1.062	NA	37.037037037037	243
NODE_404_length_243_cov_4.387931	4.77	NA	55.1440329218107	243
NODE_405_length_243_cov_3.939655	20.486	NA	60.9053497942387	243
NODE_406_length_243_cov_2.991379	5.128	NA	51.8518518518519	243
NODE_407_length_243_cov_2.956897	10.045	NA	34.5679012345679	243
NODE_408_length_243_cov_2.775862	5.296	NA	46.0905349794239	243
NODE_409_length_242_cov_8.556522	24.806	NA	50.4132231404959	242
NODE_40_length_329310_cov_71.848394	486.665375	19	55.4058485925116	329310
NODE_410_length_242_cov_5.486957	12.967	NA	38.0165289256198	242
NODE_411_length_242_cov_5.069565	14.136	NA	52.0661157024793	242
NODE_412_length_242_cov_4.478261	12.579	NA	60.3305785123967	242
NODE_413_length_242_cov_4.147826	8.723	NA	40.0826446280992	242
NODE_414_length_242_cov_3.982609	5.632	NA	38.4297520661157	242
NODE_415_length_242_cov_3.791304	0.529	NA	40.9090909090909	242
NODE_416_length_242_cov_3.521739	10.314	NA	42.5619834710744	242
NODE_417_length_242_cov_3.217391	2.839	NA	45.4545454545455	242
NODE_418_length_242_cov_2.991304	13.112	NA	37.1900826446281	242
NODE_419_length_242_cov_2.982609	8.289	NA	27.6859504132231	242
NODE_41_length_323874_cov_71.231727	483.15971875	19	56.3092437182361	323874
NODE_420_length_242_cov_2.617391	11.607	NA	38.0165289256198	242
NODE_421_length_241_cov_70.850877	286.037	NA	50.207468879668	241
NODE_422_length_241_cov_4.377193	2.481	NA	46.8879668049792	241
NODE_423_length_241_cov_4.052632	12.751	NA	47.7178423236515	241
NODE_424_length_241_cov_3.938596	9.573	NA	52.6970954356846	241
NODE_425_length_241_cov_3.649123	9.851	NA	53.5269709543568	241
NODE_426_length_241_cov_2.938596	6.427	NA	34.8547717842324	241
NODE_427_length_241_cov_2.675439	2.324	NA	34.8547717842324	241
NODE_428_length_240_cov_477.079646	2324.963	NA	60.8333333333333	240
NODE_429_length_240_cov_4.663717	4.542	NA	41.6666666666667	240
NODE_42_length_297778_cov_72.007804	487.199827586207	19	55.4510407081786	297778
NODE_430_length_240_cov_4.504425	14.121	NA	49.5833333333333	240
NODE_431_length_240_cov_4.353982	19.721	NA	47.9166666666667	240
NODE_432_length_240_cov_4.292035	13.45	NA	46.6666666666667	240
NODE_433_length_240_cov_3.752212	13.35	NA	38.3333333333333	240
NODE_434_length_240_cov_3.646018	15.704	NA	34.1666666666667	240
NODE_435_length_240_cov_3.026549	10.225	NA	40.8333333333333	240
NODE_436_length_240_cov_2.778761	2.05	NA	49.1666666666667	240
NODE_437_length_239_cov_4.982143	4.766	NA	39.3305439330544	239
NODE_438_length_239_cov_4.830357	4.962	NA	46.0251046025105	239
NODE_439_length_239_cov_4.383929	7.264	NA	41.8410041841004	239
NODE_43_length_292356_cov_72.557652	490.714586206897	19	50.2401182120429	292356
NODE_440_length_239_cov_4.321429	12.841	NA	43.5146443514644	239
NODE_441_length_239_cov_4.241071	10.711	NA	40.5857740585774	239
NODE_442_length_239_cov_4.089286	11.126	NA	46.0251046025105	239
NODE_443_length_239_cov_3.366071	32.523	NA	37.6569037656904	239
NODE_444_length_239_cov_3.232143	6.238	NA	42.6778242677824	239
NODE_445_length_239_cov_3.205357	1.849	NA	33.8912133891213	239
NODE_446_length_239_cov_3.098214	14.661	NA	41.0041841004184	239
NODE_447_length_239_cov_2.821429	16.577	NA	52.7196652719665	239
NODE_448_length_239_cov_2.803571	0	NA	41.8410041841004	239
NODE_449_length_238_cov_79.801802	1164.336	NA	64.7058823529412	238
NODE_44_length_280689_cov_72.052206	487.804928571429	19	54.9095262015968	280689
NODE_450_length_238_cov_31.378378	166.441	NA	37.8151260504202	238
NODE_451_length_238_cov_7.657658	16.172	NA	51.6806722689076	238
NODE_452_length_238_cov_6.396396	1.261	NA	47.0588235294118	238
NODE_453_length_238_cov_4.324324	1.244	NA	34.0336134453782	238
NODE_454_length_238_cov_4.108108	0	NA	41.5966386554622	238
NODE_455_length_238_cov_3.270270	9.239	NA	35.2941176470588	238
NODE_456_length_237_cov_2.127273	50.177	NA	72.5738396624473	237
NODE_457_length_236_cov_2.743119	2.212	NA	52.5423728813559	236
NODE_458_length_236_cov_2.504587	80.377	NA	65.2542372881356	236
NODE_459_length_236_cov_2.238532	37.97	NA	47.4576271186441	236
NODE_45_length_273334_cov_71.808782	488.414962962963	19	55.1201094631476	273334
NODE_460_length_235_cov_5.824074	1.498	NA	42.1276595744681	235
NODE_461_length_235_cov_1.814815	65.591	NA	66.8085106382979	235
NODE_462_length_234_cov_45.355140	167.872	NA	53.4188034188034	234
NODE_463_length_233_cov_3.339623	12.665	NA	41.2017167381974	233
NODE_464_length_233_cov_3.160377	3.876	NA	38.6266094420601	233
NODE_465_length_233_cov_3.084906	1.142	NA	34.7639484978541	233
NODE_466_length_233_cov_2.518868	11.605	NA	47.6394849785408	233
NODE_467_length_232_cov_15.866667	322.422	NA	63.3620689655172	232
NODE_468_length_232_cov_13.028571	39.263	NA	25.4310344827586	232
NODE_469_length_232_cov_3.495238	59.099	NA	78.448275862069	232
NODE_46_length_271284_cov_72.208809	489.302851851852	19	45.3565267395055	271284
NODE_470_length_232_cov_2.142857	94.306	NA	65.0862068965517	232
NODE_471_length_230_cov_5.796117	0	NA	40.4347826086956	230
NODE_472_length_230_cov_5.145631	0	NA	54.7826086956522	230
NODE_473_length_230_cov_5.038835	4.6	NA	41.7391304347826	230
NODE_474_length_230_cov_2.310680	42.93	NA	64.3478260869565	230
NODE_475_length_229_cov_3.568627	11.017	NA	54.5851528384279	229
NODE_476_length_229_cov_2.735294	0	NA	52.8384279475983	229
NODE_477_length_228_cov_3.772277	11.162	NA	43.4210526315789	228
NODE_478_length_228_cov_2.178218	12.048	NA	59.2105263157895	228
NODE_479_length_227_cov_3.290000	0.731	NA	43.1718061674009	227
NODE_47_length_269522_cov_70.446200	475.958653846154	19	57.417947328975	269522
NODE_480_length_227_cov_3.110000	30.709	NA	42.7312775330396	227
NODE_481_length_227_cov_2.860000	49.692	NA	74.0088105726872	227
NODE_482_length_227_cov_2.780000	17.256	NA	47.136563876652	227
NODE_483_length_226_cov_3.787879	12.845	NA	53.0973451327434	226
NODE_484_length_225_cov_296.193878	202.076	NA	59.1111111111111	225
NODE_485_length_225_cov_19.897959	28.893	NA	56	225
NODE_486_length_225_cov_3.122449	1.338	NA	28.8888888888889	225
NODE_487_length_225_cov_2.071429	2.671	NA	49.7777777777778	225
NODE_488_length_225_cov_1.867347	4.596	NA	34.2222222222222	225
NODE_489_length_224_cov_29.969072	321.942	NA	62.5	224
NODE_48_length_268975_cov_72.840382	492.319769230769	19	54.7786969049168	268975
NODE_490_length_224_cov_4.041237	0	NA	35.7142857142857	224
NODE_491_length_224_cov_3.845361	0	NA	44.6428571428571	224
NODE_492_length_224_cov_3.391753	177	NA	62.9464285714286	224
NODE_493_length_224_cov_3.278351	0.5	NA	55.3571428571429	224
NODE_494_length_224_cov_3.072165	2.362	NA	43.75	224
NODE_495_length_224_cov_2.525773	0.112	NA	34.8214285714286	224
NODE_496_length_224_cov_1.412371	62.54	NA	68.3035714285714	224
NODE_497_length_223_cov_3.260417	0.946	NA	37.6681614349776	223
NODE_498_length_222_cov_4.347368	2.374	NA	50.9009009009009	222
NODE_499_length_222_cov_4.315789	32.414	NA	66.6666666666667	222
NODE_49_length_265842_cov_72.604328	491.649230769231	19	54.6542683247944	265842
NODE_4_length_954037_cov_71.576292	484.3722	19	55.540613204729	954037
NODE_500_length_221_cov_3.414894	2.742	NA	37.10407239819	221
NODE_501_length_221_cov_3.138298	0.507	NA	34.3891402714932	221
NODE_502_length_221_cov_3.085106	6.1	NA	49.7737556561086	221
NODE_503_length_221_cov_2.957447	0	NA	40.7239819004525	221
NODE_504_length_221_cov_2.021277	46.294	NA	52.9411764705882	221
NODE_505_length_220_cov_4.494624	0	NA	48.6363636363636	220
NODE_506_length_220_cov_4.397849	2.345	NA	30.9090909090909	220
NODE_507_length_220_cov_4.086022	0	NA	46.3636363636364	220
NODE_508_length_220_cov_3.376344	0.686	NA	50.4545454545455	220
NODE_509_length_220_cov_2.655914	86.355	NA	26.8181818181818	220
NODE_50_length_264832_cov_70.798485	479.577153846154	19	54.8608174238763	264832
NODE_510_length_220_cov_1.989247	1.373	NA	53.1818181818182	220
NODE_511_length_220_cov_1.903226	9.568	NA	32.7272727272727	220
NODE_512_length_219_cov_4.391304	0	NA	46.1187214611872	219
NODE_513_length_218_cov_4.076923	1.977	NA	35.3211009174312	218
NODE_514_length_218_cov_3.769231	12.94	NA	37.1559633027523	218
NODE_515_length_218_cov_2.681319	1.362	NA	37.1559633027523	218
NODE_516_length_218_cov_2.505495	32.193	NA	66.0550458715596	218
NODE_517_length_213_cov_3.965116	1.324	NA	38.4976525821596	213
NODE_518_length_213_cov_3.569767	0.7	NA	42.2535211267606	213
NODE_519_length_213_cov_2.197674	1.023	NA	45.5399061032864	213
NODE_51_length_250369_cov_70.831767	478.8928	19	54.9512918931657	250369
NODE_520_length_212_cov_4.729412	0.953	NA	36.7924528301887	212
NODE_521_length_212_cov_2.470588	3.514	NA	36.7924528301887	212
NODE_522_length_211_cov_4.011905	19.09	NA	40.7582938388626	211
NODE_523_length_211_cov_3.797619	0	NA	47.8672985781991	211
NODE_524_length_211_cov_3.083333	0	NA	35.5450236966825	211
NODE_525_length_211_cov_2.845238	0	NA	35.5450236966825	211
NODE_526_length_211_cov_2.428571	34.038	NA	72.5118483412322	211
NODE_527_length_210_cov_3.036145	12.171	NA	35.7142857142857	210
NODE_528_length_210_cov_2.156627	0.719	NA	22.8571428571429	210
NODE_529_length_209_cov_4.536585	0	NA	41.1483253588517	209
NODE_52_length_247671_cov_71.895101	487.536208333333	19	55.148564022433	247671
NODE_530_length_209_cov_3.682927	12.464	NA	37.799043062201	209
NODE_531_length_209_cov_3.073171	1.789	NA	46.88995215311	209
NODE_532_length_209_cov_3.060976	0	NA	31.5789473684211	209
NODE_533_length_208_cov_2.543210	56.851	NA	65.3846153846154	208
NODE_534_length_208_cov_1.876543	56.716	NA	55.2884615384615	208
NODE_535_length_207_cov_4.925000	41.589	NA	65.2173913043478	207
NODE_536_length_207_cov_3.550000	0	NA	35.7487922705314	207
NODE_537_length_207_cov_2.937500	0.957	NA	43.4782608695652	207
NODE_538_length_206_cov_2.645570	1.282	NA	48.5436893203884	206
NODE_539_length_206_cov_1.936709	0	NA	43.6893203883495	206
NODE_53_length_237933_cov_72.030012	486.879913043478	19	53.4347904662237	237933
NODE_540_length_205_cov_4.269231	1.971	NA	37.0731707317073	205
NODE_541_length_205_cov_3.769231	1.317	NA	53.1707317073171	205
NODE_542_length_205_cov_2.679487	3.327	NA	37.0731707317073	205
NODE_543_length_204_cov_4.558442	0	NA	39.2156862745098	204
NODE_544_length_204_cov_2.415584	0	NA	40.6862745098039	204
NODE_545_length_203_cov_2.907895	3.438	NA	43.8423645320197	203
NODE_546_length_203_cov_2.881579	0	NA	21.1822660098522	203
NODE_547_length_203_cov_2.184211	35.01	NA	67.487684729064	203
NODE_548_length_203_cov_2.092105	12.64	NA	59.1133004926108	203
NODE_549_length_202_cov_2.173333	3.238	NA	54.950495049505	202
NODE_54_length_229272_cov_71.353846	482.957954545455	19	55.2287239610594	229272
NODE_550_length_200_cov_4.630137	0	NA	28	200
NODE_551_length_200_cov_3.260274	0	NA	42.5	200
NODE_552_length_200_cov_3.000000	1.14	NA	53	200
NODE_553_length_200_cov_2.986301	0	NA	47	200
NODE_554_length_200_cov_2.205479	2.63	NA	48	200
NODE_555_length_198_cov_2.394366	32.975	NA	38.8888888888889	198
NODE_556_length_198_cov_2.394366	22.116	NA	62.1212121212121	198
NODE_557_length_198_cov_1.830986	21.449	NA	62.6262626262626	198
NODE_558_length_197_cov_4.728571	1.508	NA	36.0406091370558	197
NODE_559_length_197_cov_3.728571	0	NA	53.2994923857868	197
NODE_55_length_220440_cov_71.755434	484.851454545455	19	55.8918526583197	220440
NODE_560_length_196_cov_7.318841	1.056	NA	46.4285714285714	196
NODE_561_length_196_cov_2.028986	0	NA	41.8367346938776	196
NODE_562_length_196_cov_1.768116	0.883	NA	49.4897959183673	196
NODE_563_length_196_cov_1.681159	3.173	NA	56.1224489795918	196
NODE_564_length_195_cov_6.132353	0	NA	48.7179487179487	195
NODE_565_length_195_cov_4.691176	0.703	NA	38.974358974359	195
NODE_566_length_195_cov_3.794118	0	NA	28.2051282051282	195
NODE_567_length_195_cov_2.985294	1.928	NA	49.2307692307692	195
NODE_568_length_195_cov_2.308824	9.241	NA	50.7692307692308	195
NODE_569_length_195_cov_2.058824	0	NA	34.8717948717949	195
NODE_56_length_217642_cov_70.959382	478.047619047619	19	56.7758061403589	217642
NODE_570_length_194_cov_3.000000	1.5	NA	44.3298969072165	194
NODE_571_length_194_cov_2.835821	4.861	NA	45.360824742268	194
NODE_572_length_193_cov_4.590909	3.326	NA	44.559585492228	193
NODE_573_length_193_cov_2.333333	1.508	NA	48.7046632124352	193
NODE_574_length_193_cov_1.863636	1.275	NA	53.8860103626943	193
NODE_575_length_192_cov_4.461538	0	NA	43.75	192
NODE_576_length_192_cov_3.646154	16.458	NA	58.3333333333333	192
NODE_577_length_192_cov_3.261538	1.016	NA	25	192
NODE_578_length_192_cov_1.600000	27.411	NA	36.4583333333333	192
NODE_579_length_191_cov_3.812500	0	NA	19.8952879581152	191
NODE_57_length_213977_cov_70.658826	477.978523809524	19	56.7308635974895	213977
NODE_580_length_191_cov_3.187500	0	NA	51.3089005235602	191
NODE_581_length_191_cov_3.140625	4.492	NA	39.7905759162304	191
NODE_582_length_191_cov_2.640625	0	NA	39.2670157068063	191
NODE_583_length_191_cov_2.625000	6.969	NA	37.17277486911	191
NODE_584_length_191_cov_2.437500	0	NA	42.9319371727749	191
NODE_585_length_191_cov_1.890625	5.665	NA	37.17277486911	191
NODE_586_length_190_cov_3.428571	2.879	NA	36.3157894736842	190
NODE_587_length_190_cov_2.476190	0	NA	42.6315789473684	190
NODE_588_length_190_cov_2.269841	0	NA	37.8947368421053	190
NODE_589_length_189_cov_4.387097	1.677	NA	42.8571428571429	189
NODE_58_length_204995_cov_71.932518	486.11835	19	53.8559477060416	204995
NODE_590_length_189_cov_3.370968	0.931	NA	35.4497354497354	189
NODE_591_length_189_cov_2.580645	6.302	NA	36.5079365079365	189
NODE_592_length_189_cov_2.483871	8.037	NA	38.6243386243386	189
NODE_593_length_189_cov_1.516129	26.64	NA	63.4920634920635	189
NODE_594_length_189_cov_1.419355	5.582	NA	57.6719576719577	189
NODE_595_length_188_cov_5.114754	0.883	NA	41.4893617021277	188
NODE_596_length_188_cov_4.721311	1.489	NA	51.5957446808511	188
NODE_597_length_188_cov_4.295082	12.537	NA	51.063829787234	188
NODE_598_length_188_cov_3.918033	0.112	NA	50.531914893617	188
NODE_599_length_188_cov_2.983607	12.564	NA	38.2978723404255	188
NODE_59_length_202987_cov_70.965242	480.0312	19	55.227674678674	202987
NODE_5_length_837765_cov_70.916783	480.714313253012	19	54.9602812244484	837765
NODE_600_length_188_cov_2.737705	1.42	NA	50.531914893617	188
NODE_601_length_188_cov_2.655738	0.92	NA	36.7021276595745	188
NODE_602_length_187_cov_4.816667	0	NA	28.3422459893048	187
NODE_603_length_186_cov_5.186441	0	NA	27.9569892473118	186
NODE_604_length_186_cov_3.830508	0	NA	55.9139784946237	186
NODE_605_length_186_cov_3.525424	3.978	NA	44.6236559139785	186
NODE_606_length_186_cov_3.322034	4.151	NA	46.7741935483871	186
NODE_607_length_186_cov_3.288136	8.36	NA	58.0645161290323	186
NODE_608_length_186_cov_1.983051	0	NA	31.1827956989247	186
NODE_609_length_186_cov_1.474576	1.382	NA	57.5268817204301	186
NODE_60_length_192342_cov_71.956715	486.284947368421	19	55.5338927535328	192342
NODE_610_length_185_cov_3.206897	2.578	NA	52.4324324324324	185
NODE_611_length_185_cov_2.603448	0.822	NA	55.6756756756757	185
NODE_612_length_185_cov_2.465517	0	NA	43.2432432432432	185
NODE_613_length_184_cov_5.228070	9.788	NA	52.1739130434783	184
NODE_614_length_184_cov_4.192982	0.815	NA	39.6739130434783	184
NODE_615_length_184_cov_3.666667	9.832	NA	55.4347826086956	184
NODE_616_length_184_cov_3.508772	0	NA	42.3913043478261	184
NODE_617_length_184_cov_3.421053	5.027	NA	38.0434782608696	184
NODE_618_length_184_cov_2.473684	0	NA	54.3478260869565	184
NODE_619_length_184_cov_1.789474	2.603	NA	32.6086956521739	184
NODE_61_length_184322_cov_71.811401	486.016888888889	19	54.6782261477197	184322
NODE_620_length_184_cov_1.368421	0.543	NA	25.5434782608696	184
NODE_621_length_183_cov_3.660714	0.109	NA	55.7377049180328	183
NODE_622_length_183_cov_2.642857	0	NA	46.9945355191257	183
NODE_623_length_183_cov_2.107143	3.585	NA	40.4371584699454	183
NODE_624_length_183_cov_2.035714	0	NA	54.0983606557377	183
NODE_625_length_182_cov_3.109091	0	NA	32.4175824175824	182
NODE_626_length_181_cov_4.666667	0	NA	43.646408839779	181
NODE_627_length_181_cov_3.722222	1.271	NA	43.646408839779	181
NODE_628_length_181_cov_2.666667	26.945	NA	61.3259668508287	181
NODE_629_length_181_cov_2.500000	3.243	NA	41.9889502762431	181
NODE_62_length_171669_cov_71.813224	487.032176470588	19	52.6950119124594	171669
NODE_630_length_181_cov_1.851852	0.354	NA	20.4419889502762	181
NODE_631_length_180_cov_5.301887	0.722	NA	24.4444444444444	180
NODE_632_length_180_cov_3.830189	21.15	NA	39.4444444444444	180
NODE_633_length_180_cov_3.547170	0	NA	18.8888888888889	180
NODE_634_length_180_cov_3.094340	3.333	NA	43.8888888888889	180
NODE_635_length_180_cov_3.075472	0	NA	42.7777777777778	180
NODE_636_length_180_cov_2.867925	59.117	NA	55	180
NODE_637_length_180_cov_2.396226	29.05	NA	57.2222222222222	180
NODE_638_length_180_cov_1.830189	47.161	NA	64.4444444444444	180
NODE_639_length_179_cov_4.750000	0.838	NA	18.9944134078212	179
NODE_63_length_165406_cov_71.586638	485.4639375	19	55.1201286531323	165406
NODE_640_length_179_cov_2.384615	10.62	NA	48.6033519553073	179
NODE_641_length_179_cov_2.384615	0.631	NA	44.1340782122905	179
NODE_642_length_178_cov_4.274510	150.949	NA	60.1123595505618	178
NODE_643_length_178_cov_3.843137	0	NA	60.6741573033708	178
NODE_644_length_178_cov_3.333333	25.281	NA	22.4719101123596	178
NODE_645_length_178_cov_2.980392	55.691	NA	53.9325842696629	178
NODE_646_length_178_cov_2.921569	4.921	NA	41.0112359550562	178
NODE_647_length_178_cov_2.450980	7.77	NA	23.5955056179775	178
NODE_648_length_177_cov_3.460000	9.011	NA	40.1129943502825	177
NODE_649_length_177_cov_3.140000	0.633	NA	32.7683615819209	177
NODE_64_length_160880_cov_71.710537	484.3885625	19	54.3075584286425	160880
NODE_650_length_177_cov_2.720000	1.243	NA	40.6779661016949	177
NODE_651_length_177_cov_2.380000	16.379	NA	52.5423728813559	177
NODE_652_length_177_cov_2.240000	0	NA	50.8474576271186	177
NODE_653_length_177_cov_1.640000	0	NA	23.1638418079096	177
NODE_654_length_176_cov_4.469388	33.062	NA	48.2954545454545	176
NODE_655_length_176_cov_3.387755	0.511	NA	18.75	176
NODE_656_length_176_cov_2.265306	0	NA	29.5454545454545	176
NODE_657_length_169_cov_11.714286	1.243	NA	38.4615384615385	169
NODE_658_length_164_cov_9.864865	2.951	NA	29.8780487804878	164
NODE_659_length_151_cov_13.500000	0	NA	56.2913907284768	151
NODE_65_length_160560_cov_71.389639	483.240125	19	56.4486796213254	160560
NODE_660_length_148_cov_116.666667	32.264	NA	50	148
NODE_661_length_145_cov_15.055556	2.662	NA	37.2413793103448	145
NODE_662_length_145_cov_9.277778	0	NA	27.5862068965517	145
NODE_663_length_145_cov_3.388889	4.966	NA	37.9310344827586	145
NODE_664_length_145_cov_1.333333	0	NA	55.8620689655172	145
NODE_665_length_144_cov_10.823529	3.799	NA	51.3888888888889	144
NODE_666_length_141_cov_4.214286	16.482	NA	64.5390070921986	141
NODE_667_length_140_cov_410.615385	223.264	NA	50.7142857142857	140
NODE_668_length_139_cov_33.000000	32.475	NA	51.0791366906475	139
NODE_669_length_138_cov_16.090909	1.377	NA	21.7391304347826	138
NODE_66_length_154759_cov_72.530595	490.948733333333	19	54.5525623711707	154759
NODE_670_length_137_cov_339.400000	58.861	NA	51.8248175182482	137
NODE_671_length_137_cov_16.200000	1.993	NA	23.3576642335766	137
NODE_672_length_137_cov_4.200000	0.504	NA	40.1459854014599	137
NODE_673_length_136_cov_36.111111	34.787	NA	71.3235294117647	136
NODE_674_length_136_cov_19.888889	3.338	NA	36.0294117647059	136
NODE_675_length_136_cov_17.888889	0	NA	52.2058823529412	136
NODE_676_length_135_cov_8.500000	0	NA	13.3333333333333	135
NODE_677_length_135_cov_4.000000	0	NA	49.6296296296296	135
NODE_678_length_134_cov_22.428571	1.701	NA	41.7910447761194	134
NODE_679_length_133_cov_30.166667	30.346	NA	70.6766917293233	133
NODE_67_length_148375_cov_73.092581	357.205	19	47.8079191238416	148375
NODE_680_length_133_cov_16.000000	1.714	NA	26.3157894736842	133
NODE_681_length_133_cov_10.666667	1.865	NA	42.8571428571429	133
NODE_682_length_133_cov_4.833333	1.579	NA	26.3157894736842	133
NODE_683_length_132_cov_16.600000	0	NA	15.9090909090909	132
NODE_684_length_131_cov_16.500000	0	NA	57.2519083969466	131
NODE_685_length_131_cov_15.500000	0	NA	41.9847328244275	131
NODE_686_length_131_cov_14.500000	0	NA	53.4351145038168	131
NODE_687_length_131_cov_10.000000	0	NA	41.9847328244275	131
NODE_688_length_131_cov_9.250000	0	NA	41.9847328244275	131
NODE_689_length_130_cov_969.666667	25.846	NA	52.3076923076923	130
NODE_68_length_144808_cov_70.579281	476.968071428571	19	52.9708303408651	144808
NODE_690_length_130_cov_20.666667	0	NA	30	130
NODE_691_length_130_cov_20.000000	0	NA	46.1538461538462	130
NODE_692_length_130_cov_19.666667	2	NA	49.2307692307692	130
NODE_693_length_130_cov_11.666667	1.569	NA	38.4615384615385	130
NODE_694_length_130_cov_9.333333	0.4	NA	37.6923076923077	130
NODE_695_length_130_cov_9.000000	0	NA	49.2307692307692	130
NODE_696_length_130_cov_8.333333	0	NA	62.3076923076923	130
NODE_697_length_130_cov_5.000000	0	NA	52.3076923076923	130
NODE_698_length_130_cov_5.000000	0.962	NA	43.8461538461538	130
NODE_699_length_130_cov_2.000000	6.5	NA	46.1538461538462	130
NODE_69_length_139976_cov_71.805576	485.449923076923	19	55.1601703149111	139976
NODE_6_length_831698_cov_71.646203	485.446445783133	19	51.9858169672165	831698
NODE_700_length_129_cov_136.000000	2	NA	23.2558139534884	129
NODE_701_length_129_cov_31.000000	0	NA	27.1317829457364	129
NODE_702_length_129_cov_23.000000	0	NA	44.1860465116279	129
NODE_703_length_129_cov_17.000000	0	NA	51.1627906976744	129
NODE_704_length_129_cov_15.000000	0	NA	36.4341085271318	129
NODE_705_length_129_cov_13.000000	1.984	NA	35.6589147286822	129
NODE_706_length_129_cov_9.500000	0	NA	32.5581395348837	129
NODE_707_length_129_cov_8.000000	0	NA	58.9147286821705	129
NODE_708_length_129_cov_5.000000	0	NA	41.8604651162791	129
NODE_709_length_128_cov_767.000000	15.695	NA	60.15625	128
NODE_70_length_137121_cov_70.483189	475.496153846154	19	56.9548063389269	137121
NODE_710_length_128_cov_198.000000	1.672	NA	39.84375	128
NODE_711_length_128_cov_164.000000	1.812	NA	39.84375	128
NODE_712_length_128_cov_143.000000	0	NA	39.0625	128
NODE_713_length_128_cov_143.000000	0	NA	21.875	128
NODE_714_length_128_cov_125.000000	0	NA	40.625	128
NODE_715_length_128_cov_108.000000	0.18	NA	39.84375	128
NODE_716_length_128_cov_66.000000	0	NA	39.84375	128
NODE_717_length_128_cov_52.000000	0	NA	39.84375	128
NODE_718_length_128_cov_23.000000	0	NA	45.3125	128
NODE_719_length_128_cov_19.000000	0	NA	32.8125	128
NODE_71_length_134578_cov_71.539059	485.315307692308	19	46.6071720489233	134578
NODE_720_length_128_cov_17.000000	0	NA	41.40625	128
NODE_721_length_128_cov_15.000000	0	NA	43.75	128
NODE_722_length_128_cov_14.000000	0	NA	48.4375	128
NODE_723_length_128_cov_11.000000	0	NA	69.53125	128
NODE_724_length_128_cov_11.000000	0	NA	44.53125	128
NODE_725_length_128_cov_11.000000	0	NA	35.9375	128
NODE_726_length_128_cov_10.000000	0	NA	39.84375	128
NODE_727_length_128_cov_10.000000	0	NA	55.46875	128
NODE_728_length_128_cov_10.000000	0	NA	57.8125	128
NODE_729_length_128_cov_9.000000	0	NA	57.03125	128
NODE_72_length_133644_cov_72.628107	491.972923076923	19	53.1995450600102	133644
NODE_730_length_128_cov_7.000000	2.688	NA	27.34375	128
NODE_731_length_128_cov_7.000000	0	NA	55.46875	128
NODE_732_length_128_cov_5.000000	0	NA	42.96875	128
NODE_733_length_128_cov_2.000000	0	NA	42.1875	128
NODE_73_length_132380_cov_71.383039	486.261769230769	19	55.1556126303067	132380
NODE_74_length_128352_cov_71.854599	488.6505	19	55.0213475442533	128352
NODE_75_length_126714_cov_70.936708	479.506083333333	19	57.2020455513992	126714
NODE_76_length_123623_cov_70.472809	477.132416666667	19	56.016275288579	123623
NODE_77_length_112164_cov_71.968278	487.174090909091	19	54.2544845048322	112164
NODE_78_length_104399_cov_71.945038	486.1847	19	55.0215998237531	104399
NODE_79_length_101061_cov_69.555858	470.1363	19	58.326159448254	101061
NODE_7_length_818307_cov_72.058074	488.342864197531	19	54.8290555989378	818307
NODE_80_length_100819_cov_71.961645	484.3771	19	53.67837411599	100819
NODE_81_length_99641_cov_71.269439	484.732555555556	19	55.4631125741412	99641
NODE_82_length_98996_cov_72.251525	493.722888888889	19	54.4991716837044	98996
NODE_83_length_98829_cov_72.425756	495.831333333333	19	54.8745813475802	98829
NODE_84_length_97215_cov_72.792796	491.978555555556	19	54.2971763616726	97215
NODE_85_length_96876_cov_71.869818	487.473222222222	19	53.7573805689748	96876
NODE_86_length_95136_cov_70.954962	480.617222222222	19	54.0163555331315	95136
NODE_87_length_94457_cov_70.866999	479.204222222222	19	54.4459383634881	94457
NODE_88_length_90908_cov_72.488274	489.203333333333	19	55.8729704756457	90908
NODE_89_length_90828_cov_72.661040	490.475555555556	19	55.0601136213502	90828
NODE_8_length_751500_cov_71.167185	482.9892	19	55.7377245508982	751500
NODE_90_length_90680_cov_74.489570	502.757	19	46.3729598588443	90680
NODE_91_length_90139_cov_72.061481	486.338333333333	19	54.7665272523547	90139
NODE_92_length_89373_cov_73.744504	498.421375	19	48.9476687590212	89373
NODE_93_length_87783_cov_73.589281	498.032125	19	48.1596664502238	87783
NODE_94_length_87405_cov_72.428516	489.42325	19	49.8804416223328	87405
NODE_95_length_86979_cov_73.219189	248.13425	19	52.9323169960565	86979
NODE_96_length_84586_cov_73.420168	499.635875	19	52.8314378265907	84586
NODE_97_length_83320_cov_71.249240	483.340125	19	56.5434469515122	83320
NODE_98_length_81087_cov_72.368392	488.918	19	54.7140725393713	81087
NODE_99_length_79242_cov_71.518549	486.755857142857	19	55.5740642588526	79242
NODE_9_length_746594_cov_71.395377	482.690878378378	19	55.9097715759837	746594
