Desc	Family ID	Leptographium_lundbergii_CBS138716	Ophiostoma_fasciatum_VPRI43845	Ophiostoma_ips_VPRI43529	Ophiostoma_novoulmi_H327	Sporothrix_bragantina_CBS47491	Sporothrix_brasiliensis_5110	Sporothrix_brunneoviolacea_CBS124561	Sporothrix_curviconia_CBS95973	Sporothrix_dimorphospora_CBS55374	Sporothrix_epigloea_CBS119000	Sporothrix_epigloea_CBS57363	Sporothrix_epigloea_TF4163	Sporothrix_eucalyptigena_CBS139899	Sporothrix_eucalyptigena_CBS140593	Sporothrix_euskadiensis_VPRI43754	Sporothrix_globosa_CBS120340	Sporothrix_humicola_CBS118129	Sporothrix_inflata_CBS23968	Sporothrix_insectorum_RCEF264	Sporothrix_luriei_CBS93772	Sporothrix_mexicana_CBS120341	Sporothrix_nigrograna_VPRI43755	Sporothrix_pallida_CBS13156	Sporothrix_phasma_CBS119721	Sporothrix_protearum_CBS116654	Sporothrix_pseudoabietina_VPRI43531	Sporothrix_schenckii_1099	Sporothrix_thermara_CBS139747MAG	Sporothrix_variecibatus_CBS121961
(null)	C19	14	15	15	14	14	15	15	15	15	14	14	14	14	14	15	15	16	15	14	15	16	15	16	14	15	15	15	15	15
(null)	C12	4	4	3	3	3	3	5	3	3	3	3	3	3	3	3	3	3	4	4	3	3	3	3	3	3	3	3	3	3
(null)	M14A	1	1	1	2	2	2	2	2	2	1	1	1	2	2	1	2	2	2	2	2	2	1	2	1	2	2	2	1	2
(null)	S33	26	17	19	23	32	23	38	27	36	18	19	20	34	34	30	24	35	33	24	21	34	20	34	18	21	29	23	26	35
(null)	C78B	1	1	1	1	1	1	0	1	1	1	1	1	1	1	1	1	1	1	1	1	1	1	1	1	1	1	1	1	1
(null)	S10	6	3	3	4	4	4	5	4	6	3	3	3	4	4	4	5	4	9	5	4	5	3	5	3	4	3	4	5	5
(null)	M28X	2	3	3	3	3	3	3	3	3	1	1	1	3	3	3	3	3	3	2	3	3	3	3	3	3	3	3	3	3
(null)	M24B	5	4	6	5	4	5	4	5	5	4	4	4	5	5	5	5	5	5	4	5	5	5	5	4	5	5	5	6	5
(null)	M20D	3	1	0	5	6	3	11	3	6	2	2	2	5	5	5	3	6	8	0	2	6	2	6	2	3	3	4	3	6
(null)	G01	5	1	1	1	1	1	2	1	2	1	1	1	2	2	1	1	1	1	2	1	2	1	1	1	2	1	1	2	1
(null)	S09B	1	1	2	2	2	1	2	1	1	1	1	1	3	3	1	1	1	2	2	1	1	1	1	1	1	1	1	1	2
(null)	M28A	3	1	1	1	1	1	1	1	1	2	2	2	1	1	1	1	1	1	1	1	1	1	1	1	1	1	1	1	1
(null)	S08B	1	1	1	1	1	1	1	1	1	1	1	1	1	1	1	1	1	1	1	1	1	1	1	1	1	1	1	1	1
(null)	T01A	11	13	13	13	13	13	13	13	13	13	13	13	13	13	13	13	13	13	11	13	14	13	13	13	13	13	13	13	13
(null)	C44	5	4	4	4	4	4	5	4	4	4	4	4	4	4	4	4	4	4	4	4	4	4	4	4	4	4	4	4	4
(null)	M24A	2	2	2	2	2	2	2	2	2	2	2	2	2	2	2	2	2	2	2	2	3	2	2	2	2	2	2	2	2
(null)	C26	9	9	8	8	8	8	10	10	10	8	8	8	9	9	8	9	8	10	11	8	10	9	9	8	7	8	8	9	9
(null)	S01D	1	1	1	1	1	1	1	1	1	1	1	1	1	1	1	1	1	1	1	1	1	1	1	1	1	1	1	1	1
(null)	T02	2	2	2	2	2	2	2	2	2	1	1	1	3	3	2	2	2	2	1	2	2	1	2	2	1	2	2	2	2
(null)	C110	1	1	1	1	1	1	1	1	1	1	1	1	1	1	1	1	1	1	1	1	1	2	1	1	1	1	1	1	1
(null)	C48	3	3	3	3	3	5	3	4	3	3	3	3	3	3	3	3	3	3	3	4	3	2	3	3	3	3	3	3	3
(null)	S16	2	2	2	2	2	2	2	2	2	2	2	2	2	2	2	2	2	2	2	3	2	2	2	2	2	2	2	2	2
(null)	M24X	2	2	2	2	2	2	2	2	2	2	2	2	2	2	2	2	2	2	1	2	2	2	2	2	2	2	2	2	2
(null)	M18	2	2	2	2	2	2	2	2	2	2	2	2	2	2	2	2	2	2	2	2	2	2	2	2	2	2	2	2	2
(null)	M76	1	1	1	1	1	1	1	1	1	1	1	1	1	1	1	1	1	1	1	1	1	1	1	1	1	1	1	1	1
(null)	S09X	27	29	15	27	70	34	64	57	64	12	12	11	71	74	37	41	70	72	27	33	66	27	73	22	30	35	36	29	67
(null)	C65	1	1	1	1	1	1	1	1	1	1	1	1	1	1	1	1	1	1	1	1	1	1	1	1	1	1	1	1	1
(null)	M20X	2	1	2	3	5	1	3	2	4	2	3	2	5	5	4	1	3	5	1	1	3	4	3	2	4	5	1	2	5
(null)	S53	9	4	8	7	6	5	6	5	6	12	4	3	6	6	5	5	6	6	5	5	6	5	6	4	5	4	5	5	5
(null)	A22B	1	1	1	1	1	1	1	1	1	1	1	1	1	1	1	1	1	1	1	1	1	1	1	1	1	1	1	1	1
(null)	M16B	3	3	3	2	3	2	3	3	3	3	3	3	3	3	3	3	3	3	3	3	3	3	3	3	3	3	3	3	3
(null)	M16C	1	2	2	2	2	2	2	2	2	2	2	2	2	2	2	2	2	2	2	2	2	2	2	2	2	2	2	2	2
(null)	T05	1	1	1	1	1	1	1	1	1	1	1	1	1	1	1	1	1	1	1	1	1	1	1	1	1	1	1	1	1
(null)	S54	3	3	3	3	4	3	3	4	4	3	4	3	3	3	4	3	3	4	2	3	3	4	4	4	4	4	3	3	4
(null)	A01A	14	11	13	15	17	17	21	17	20	9	11	10	19	19	14	18	20	21	15	15	19	12	20	12	15	16	17	13	20
(null)	C50	1	1	1	1	1	1	1	1	1	1	1	1	1	1	1	1	1	1	1	1	1	1	1	1	1	1	1	1	1
(null)	S09C	8	2	6	6	13	8	13	7	7	3	3	3	16	16	7	5	7	8	8	6	12	4	9	5	5	8	8	5	10
(null)	M38	10	8	8	7	11	9	15	10	17	7	7	7	12	12	11	10	11	14	12	7	13	8	11	8	8	11	10	8	11
(null)	C01B	2	0	1	1	0	0	2	0	0	0	0	0	0	0	0	0	0	0	1	0	0	0	0	0	0	0	0	0	0
(null)	T03	3	3	2	3	3	3	4	3	3	3	3	3	3	3	4	3	3	4	3	3	4	3	3	3	4	4	3	3	3
(null)	C14B	3	2	3	4	2	2	4	2	3	2	2	2	3	3	2	2	2	4	3	2	2	2	2	2	3	2	2	2	4
(null)	I09	1	0	1	1	1	1	1	1	2	1	1	1	2	2	2	1	2	1	0	1	2	1	2	0	2	2	1	1	2
(null)	M79	1	1	1	1	1	1	1	1	1	1	1	1	1	1	1	1	1	1	1	1	1	1	1	1	1	1	1	1	1
(null)	M16A	1	0	1	0	1	1	1	0	1	1	1	1	0	1	1	1	1	1	1	1	1	0	1	1	0	1	1	1	1
(null)	C02A	3	3	4	4	4	3	4	3	4	2	2	2	4	4	4	4	4	4	2	2	4	2	4	3	3	4	4	2	4
(null)	S12	6	0	3	4	14	8	10	10	11	1	1	1	16	16	10	9	12	12	7	7	18	5	13	5	5	8	9	6	14
(null)	M80	3	3	3	3	3	3	3	3	3	3	3	3	3	3	3	3	3	3	2	3	3	3	3	3	3	3	3	3	3
(null)	M49	1	1	1	1	2	1	1	2	2	1	1	1	1	1	1	1	1	1	1	1	1	1	1	1	1	1	1	1	1
(null)	M41	2	2	2	2	2	2	2	2	2	2	2	2	2	2	2	2	2	2	2	2	2	2	2	2	2	2	2	2	2
(null)	M20A	8	3	2	3	5	5	5	6	6	3	2	2	4	4	6	5	6	6	4	5	6	3	6	3	6	5	5	3	6
(null)	S08A	6	3	9	8	10	5	12	12	11	1	1	1	9	9	2	6	11	10	8	5	13	6	15	3	6	4	6	7	8
(null)	S28	4	4	4	4	5	5	5	5	5	3	3	3	5	5	4	5	5	5	5	5	5	5	5	4	5	4	5	4	5
(null)	C56	1	2	2	2	2	2	3	2	2	2	2	2	2	2	2	2	3	2	2	2	3	2	3	2	2	2	2	2	2
(null)	M01	3	3	3	3	3	3	3	3	3	3	3	3	3	3	3	3	3	3	3	3	3	3	3	3	3	3	3	3	3
(null)	M12B	1	1	1	1	1	1	1	1	1	1	1	1	1	1	1	1	1	1	1	1	1	1	1	1	1	1	1	1	1
(null)	M67A	3	4	4	4	4	3	4	3	4	3	4	4	3	3	4	3	4	3	4	2	4	3	4	3	3	4	3	3	4
(null)	C85B	1	0	1	1	0	0	0	0	0	0	0	0	0	0	0	0	0	0	0	0	1	1	0	0	0	0	0	0	0
(null)	T01X	1	1	1	1	1	1	1	1	1	1	1	1	1	1	1	1	1	1	1	1	1	1	1	1	1	1	1	1	1
(null)	M19	2	2	1	2	2	1	6	2	4	1	1	1	2	2	3	2	2	3	4	2	2	2	2	1	1	3	1	1	2
(null)	S59	1	1	1	1	1	1	1	1	1	1	1	1	1	1	1	1	1	1	1	1	1	1	1	1	1	1	1	1	1
(null)	C85A	1	0	1	1	1	1	1	1	1	1	1	1	1	1	1	1	1	1	1	1	1	1	1	1	1	1	1	1	1
(null)	M28E	1	1	1	1	1	1	1	2	1	1	1	1	1	1	1	1	1	1	1	1	1	1	1	1	1	1	1	1	1
(null)	C13	1	1	1	1	1	1	1	1	1	1	1	1	1	1	1	1	1	1	1	1	1	1	1	1	1	1	1	1	1
(null)	I32	1	1	1	1	1	1	1	1	1	1	1	1	1	1	1	1	1	1	0	1	1	1	1	1	1	1	1	1	1
(null)	M03A	2	2	2	2	2	2	5	2	5	2	2	2	4	6	2	2	3	2	5	2	3	2	3	2	2	2	3	2	2
(null)	I51	1	1	0	1	1	1	1	1	1	0	0	0	1	1	1	1	1	1	1	1	1	0	1	0	0	1	1	0	1
(null)	M67X	2	2	2	2	2	2	2	2	2	2	2	2	2	2	2	2	2	2	1	2	2	2	2	2	2	2	2	2	2
(null)	C15	1	1	1	1	1	1	1	1	1	1	1	1	1	1	1	1	2	2	1	1	2	1	2	1	1	1	1	2	1
(null)	C115	1	1	1	1	1	1	1	1	1	1	1	1	1	1	1	1	1	1	1	1	1	0	1	1	1	1	1	1	1
(null)	S26A	1	2	2	2	2	2	2	2	2	2	2	2	2	2	2	2	2	2	2	2	2	2	2	2	2	2	2	2	2
(null)	M20F	2	2	2	2	2	2	2	2	2	2	2	2	2	2	2	2	2	2	2	2	2	2	2	2	2	2	2	2	2
(null)	A28A	1	1	1	1	1	1	1	1	1	1	1	1	1	1	1	1	1	1	1	1	1	1	1	1	1	1	1	1	1
(null)	S26B	1	2	1	1	1	1	1	1	1	1	1	1	1	1	1	1	1	1	1	1	1	1	1	1	1	1	1	1	1
(null)	M28B	2	2	2	2	2	2	2	2	2	2	2	2	2	2	2	2	2	2	2	2	2	2	2	2	2	2	2	2	2
(null)	M13	1	1	1	1	1	1	1	1	1	1	1	1	1	1	1	1	1	1	1	1	1	1	1	1	1	1	1	1	1
(null)	I87	2	2	2	2	1	2	1	1	2	1	1	1	1	1	2	2	2	2	2	2	2	2	2	2	1	2	2	2	2
(null)	M48A	1	1	1	1	1	1	1	1	1	2	1	1	1	1	1	1	1	1	1	1	1	1	1	1	1	1	1	1	1
(null)	M48C	1	1	1	1	1	1	1	1	1	1	1	1	1	1	1	1	1	1	1	1	1	1	1	1	1	1	1	1	1
(null)	S66	1	0	0	0	0	1	1	0	1	0	0	0	0	0	0	1	1	1	0	1	1	0	1	0	1	0	1	0	1
(null)	M81	1	1	1	2	1	1	1	1	1	1	1	1	1	1	1	1	1	1	1	1	1	1	1	1	1	1	1	1	1
(null)	C85	0	1	0	0	0	0	0	0	0	0	0	0	0	0	0	0	0	0	0	0	0	0	0	0	0	0	0	0	0
(null)	C97	0	2	2	2	2	2	2	2	2	2	2	2	2	2	2	2	2	2	1	2	2	2	2	2	2	2	2	2	2
(null)	M67C	0	1	1	1	1	1	1	1	1	1	1	1	1	1	1	1	1	1	1	1	1	1	1	1	1	1	1	1	1
(null)	C45	0	1	1	1	2	2	5	2	5	2	2	2	3	3	3	2	3	4	2	3	6	3	3	0	1	3	3	2	4
(null)	C54	0	1	0	1	0	0	0	0	0	1	0	1	0	0	0	0	0	0	1	0	0	0	0	0	0	0	0	0	0
(null)	M04	0	1	0	0	0	0	1	1	0	0	0	0	0	0	0	0	0	0	0	0	0	0	0	0	0	0	0	0	0
(null)	S14	0	1	1	1	0	0	1	1	0	1	1	1	1	1	0	0	0	0	1	0	0	0	0	0	0	0	0	1	0
(null)	P01	0	0	0	1	1	1	1	1	1	0	0	0	1	1	1	1	1	1	0	1	1	1	1	0	1	1	1	1	1
(null)	S09A	0	0	0	0	1	0	1	1	0	0	0	0	1	1	0	0	1	1	0	0	1	0	1	0	0	0	0	1	1
(null)	N09	0	0	0	0	0	2	0	1	0	0	0	0	1	1	1	0	0	0	1	1	0	0	0	0	0	1	2	1	0
(null)	M77	0	0	0	0	0	0	0	0	0	0	0	0	0	0	0	0	0	0	1	0	0	0	0	0	0	0	0	0	0
(null)	M36	0	0	0	0	0	0	0	0	0	0	0	0	0	0	0	0	0	0	0	0	1	0	0	0	0	0	0	0	0
(null)	M50B	0	0	0	0	0	0	0	0	0	0	0	0	0	0	0	0	0	0	0	0	1	0	0	0	0	0	0	0	0
(null)	M35	0	0	0	0	0	0	0	0	0	0	0	0	0	0	0	0	0	0	0	0	1	0	0	0	0	0	0	0	0
(null)	I78	0	0	0	0	0	0	0	0	0	0	0	0	0	0	0	0	0	0	0	0	0	0	0	1	0	0	0	0	0
(null)	M100	0	0	0	0	0	0	0	0	0	0	0	0	0	0	0	0	0	0	0	0	0	0	0	0	0	0	1	0	1
