contig_id	mean_contig_cov	cluster_id	nucl_freq.gc	length
NODE_1000_length_290_cov_0.595092	50.3	NA	53.7931034482759	290
NODE_1001_length_290_cov_0.552147	11.028	NA	16.2068965517241	290
NODE_1002_length_290_cov_0.496933	28.352	NA	57.2413793103448	290
NODE_1003_length_290_cov_0.349693	6.81	NA	24.1379310344828	290
NODE_1004_length_290_cov_0.067485	1.324	NA	64.1379310344828	290
NODE_1005_length_289_cov_1.703704	37.664	NA	27.681660899654	289
NODE_1006_length_289_cov_1.407407	23.872	NA	27.681660899654	289
NODE_1007_length_289_cov_1.253086	36.18	NA	31.4878892733564	289
NODE_1008_length_289_cov_0.975309	15.322	NA	24.2214532871972	289
NODE_1009_length_289_cov_0.895062	36.74	NA	26.2975778546713	289
NODE_100_length_84390_cov_18.346831	136.69475	23	53.5276691551132	84390
NODE_1010_length_289_cov_0.833333	17.765	NA	24.9134948096886	289
NODE_1011_length_289_cov_0.827160	26.308	NA	25.9515570934256	289
NODE_1012_length_289_cov_0.716049	21.82	NA	23.1833910034602	289
NODE_1013_length_289_cov_0.586420	20.263	NA	21.1072664359862	289
NODE_1014_length_289_cov_0.555556	2.069	NA	47.4048442906574	289
NODE_1015_length_289_cov_0.493827	23.426	NA	28.719723183391	289
NODE_1016_length_289_cov_0.401235	12.048	NA	64.0138408304498	289
NODE_1017_length_289_cov_0.388889	21	NA	23.5294117647059	289
NODE_1018_length_289_cov_0.376543	7.72	NA	25.2595155709343	289
NODE_1019_length_288_cov_18.807453	37.854	NA	58.6805555555556	288
NODE_101_length_83634_cov_17.575317	131.63025	23	52.7656216371332	83634
NODE_1020_length_288_cov_3.770186	43.531	NA	21.875	288
NODE_1021_length_288_cov_1.931677	21.885	NA	26.0416666666667	288
NODE_1022_length_288_cov_1.186335	37.184	NA	25	288
NODE_1023_length_288_cov_0.956522	32.101	NA	19.0972222222222	288
NODE_1024_length_288_cov_0.863354	9.24	NA	50.3472222222222	288
NODE_1025_length_288_cov_0.832298	14.389	NA	40.9722222222222	288
NODE_1026_length_288_cov_0.776398	57.306	NA	58.3333333333333	288
NODE_1027_length_288_cov_0.602484	39.51	NA	29.1666666666667	288
NODE_1028_length_288_cov_0.416149	11.993	NA	47.2222222222222	288
NODE_1029_length_288_cov_0.403727	26.681	NA	12.1527777777778	288
NODE_102_length_81000_cov_17.458014	132.426375	23	53.8148148148148	81000
NODE_1030_length_288_cov_0.385093	17.104	NA	25.6944444444444	288
NODE_1031_length_288_cov_0.142857	1.84	NA	52.4305555555556	288
NODE_1032_length_287_cov_2.500000	28.143	NA	62.0209059233449	287
NODE_1033_length_287_cov_1.043750	46.882	NA	20.5574912891986	287
NODE_1034_length_287_cov_0.906250	30.92	NA	50.8710801393728	287
NODE_1035_length_287_cov_0.737500	15.683	NA	25.4355400696864	287
NODE_1036_length_287_cov_0.731250	20.93	NA	25.7839721254355	287
NODE_1037_length_287_cov_0.575000	13.028	NA	23.3449477351916	287
NODE_1038_length_287_cov_0.575000	10.84	NA	29.9651567944251	287
NODE_1039_length_287_cov_0.550000	23.551	NA	22.9965156794425	287
NODE_103_length_80819_cov_17.651329	133.475625	23	54.597310038481	80819
NODE_1040_length_287_cov_0.543750	14.906	NA	19.8606271777003	287
NODE_1041_length_287_cov_0.518750	15.429	NA	22.6480836236934	287
NODE_1042_length_287_cov_0.412500	1.568	NA	49.1289198606272	287
NODE_1043_length_287_cov_0.387500	23.017	NA	32.0557491289199	287
NODE_1044_length_287_cov_0.337500	105.735	NA	28.2229965156794	287
NODE_1045_length_287_cov_0.331250	26.087	NA	31.0104529616725	287
NODE_1046_length_286_cov_1.050314	18.699	NA	32.5174825174825	286
NODE_1047_length_286_cov_1.044025	29.888	NA	26.5734265734266	286
NODE_1048_length_286_cov_0.597484	23.437	NA	23.4265734265734	286
NODE_1049_length_286_cov_0.490566	0.437	NA	45.4545454545455	286
NODE_104_length_79323_cov_18.440767	137.760857142857	23	52.6392093087755	79323
NODE_1050_length_286_cov_0.459119	17.5	NA	27.6223776223776	286
NODE_1051_length_286_cov_0.446541	46.15	NA	29.020979020979	286
NODE_1052_length_286_cov_0.433962	14.85	NA	48.2517482517483	286
NODE_1053_length_286_cov_0.427673	1.57	NA	41.2587412587413	286
NODE_1054_length_286_cov_0.421384	9.451	NA	19.5804195804196	286
NODE_1055_length_286_cov_0.333333	2.71	NA	22.7272727272727	286
NODE_1056_length_286_cov_0.144654	1.241	NA	51.7482517482517	286
NODE_1057_length_286_cov_0.119497	1.857	NA	37.7622377622378	286
NODE_1058_length_285_cov_12.253165	71.112	NA	43.5087719298246	285
NODE_1059_length_285_cov_0.943038	16.207	NA	36.140350877193	285
NODE_105_length_78753_cov_17.754102	133.759	23	53.3186037357307	78753
NODE_1060_length_285_cov_0.911392	18.895	NA	33.3333333333333	285
NODE_1061_length_285_cov_0.734177	17.526	NA	21.0526315789474	285
NODE_1062_length_285_cov_0.727848	11.316	NA	23.859649122807	285
NODE_1063_length_285_cov_0.696203	32.747	NA	17.8947368421053	285
NODE_1064_length_285_cov_0.639241	20.368	NA	58.9473684210526	285
NODE_1065_length_285_cov_0.563291	30.754	NA	52.9824561403509	285
NODE_1066_length_285_cov_0.379747	13.74	NA	26.3157894736842	285
NODE_1067_length_285_cov_0.335443	8.375	NA	25.2631578947368	285
NODE_1068_length_285_cov_0.272152	1.495	NA	68.7719298245614	285
NODE_1069_length_285_cov_0.215190	1.011	NA	38.5964912280702	285
NODE_106_length_78581_cov_18.256940	135.872285714286	23	53.4276733561548	78581
NODE_1070_length_284_cov_2.496815	36.187	NA	23.943661971831	284
NODE_1071_length_284_cov_1.121019	27.201	NA	28.8732394366197	284
NODE_1072_length_284_cov_1.000000	8.651	NA	30.2816901408451	284
NODE_1073_length_284_cov_0.853503	47.317	NA	30.9859154929577	284
NODE_1074_length_284_cov_0.796178	17.194	NA	25.3521126760563	284
NODE_1075_length_284_cov_0.585987	2.113	NA	47.5352112676056	284
NODE_1076_length_284_cov_0.541401	2.088	NA	62.6760563380282	284
NODE_1077_length_284_cov_0.350318	31.592	NA	19.0140845070423	284
NODE_1078_length_284_cov_0.318471	122.127	NA	60.2112676056338	284
NODE_1079_length_284_cov_0.299363	27.739	NA	13.7323943661972	284
NODE_107_length_78540_cov_17.912438	134.335142857143	23	51.4298446651388	78540
NODE_1080_length_284_cov_0.267516	1.053	NA	41.1971830985916	284
NODE_1081_length_284_cov_0.222930	1.989	NA	67.2535211267606	284
NODE_1082_length_284_cov_0.146497	1.032	NA	72.1830985915493	284
NODE_1083_length_283_cov_8.314103	37.06	NA	61.13074204947	283
NODE_1084_length_283_cov_1.391026	40.633	NA	29.3286219081272	283
NODE_1085_length_283_cov_1.371795	27.138	NA	29.3286219081272	283
NODE_1086_length_283_cov_1.237179	19.473	NA	27.9151943462898	283
NODE_1087_length_283_cov_0.724359	2.647	NA	31.4487632508834	283
NODE_1088_length_283_cov_0.525641	38.802	NA	29.6819787985866	283
NODE_1089_length_283_cov_0.467949	14.064	NA	23.6749116607774	283
NODE_108_length_77722_cov_17.487673	132.637285714286	23	52.416304263915	77722
NODE_1090_length_283_cov_0.416667	18.883	NA	28.6219081272085	283
NODE_1091_length_283_cov_0.358974	13.018	NA	21.2014134275618	283
NODE_1092_length_283_cov_0.339744	18.88	NA	19.7879858657244	283
NODE_1093_length_283_cov_0.294872	2.12	NA	46.9964664310954	283
NODE_1094_length_283_cov_0.089744	2.004	NA	48.0565371024735	283
NODE_1095_length_282_cov_1.935484	37.326	NA	30.4964539007092	282
NODE_1096_length_282_cov_1.225806	25.652	NA	56.3829787234043	282
NODE_1097_length_282_cov_1.141935	24.475	NA	31.5602836879433	282
NODE_1098_length_282_cov_0.929032	33.355	NA	28.3687943262411	282
NODE_1099_length_282_cov_0.406452	31.156	NA	25.886524822695	282
NODE_109_length_77267_cov_18.703980	135.033142857143	23	52.5813089676058	77267
NODE_10_length_291153_cov_17.928711	133.379172413793	23	52.445621374329	291153
NODE_1100_length_282_cov_0.296774	1.645	NA	52.8368794326241	282
NODE_1101_length_282_cov_0.277419	1.287	NA	53.1914893617021	282
NODE_1102_length_281_cov_1.642857	21.883	NA	16.7259786476868	281
NODE_1103_length_281_cov_1.246753	32.925	NA	11.3879003558719	281
NODE_1104_length_281_cov_0.883117	12.523	NA	21.7081850533808	281
NODE_1105_length_281_cov_0.785714	101.292	NA	20.6405693950178	281
NODE_1106_length_281_cov_0.746753	32.142	NA	25.9786476868327	281
NODE_1107_length_281_cov_0.629870	22.235	NA	21.3523131672598	281
NODE_1108_length_281_cov_0.577922	2.438	NA	46.6192170818505	281
NODE_1109_length_281_cov_0.558442	2.114	NA	50.1779359430605	281
NODE_110_length_77214_cov_17.976909	135.425857142857	23	51.4000051804077	77214
NODE_1110_length_281_cov_0.493506	277.762	NA	57.2953736654804	281
NODE_1111_length_281_cov_0.454545	12.064	NA	28.1138790035587	281
NODE_1112_length_281_cov_0.435065	20.708	NA	22.4199288256228	281
NODE_1113_length_281_cov_0.324675	1.587	NA	68.6832740213523	281
NODE_1114_length_281_cov_0.285714	1.765	NA	31.3167259786477	281
NODE_1115_length_281_cov_0.266234	1.594	NA	46.2633451957295	281
NODE_1116_length_280_cov_34.045752	180.925	NA	47.8571428571429	280
NODE_1117_length_280_cov_14.156863	50.093	NA	42.8571428571429	280
NODE_1118_length_280_cov_3.352941	42.354	NA	21.0714285714286	280
NODE_1119_length_280_cov_0.784314	23.325	NA	24.2857142857143	280
NODE_111_length_76433_cov_17.992884	136.350857142857	23	53.6299765807963	76433
NODE_1120_length_280_cov_0.732026	10.336	NA	57.8571428571429	280
NODE_1121_length_280_cov_0.647059	42.243	NA	29.6428571428571	280
NODE_1122_length_280_cov_0.601307	2.143	NA	26.4285714285714	280
NODE_1123_length_280_cov_0.588235	14.636	NA	22.5	280
NODE_1124_length_280_cov_0.588235	29.586	NA	57.1428571428571	280
NODE_1125_length_280_cov_0.581699	2.132	NA	51.4285714285714	280
NODE_1126_length_280_cov_0.575163	2.129	NA	55.7142857142857	280
NODE_1127_length_280_cov_0.326797	3.714	NA	52.8571428571429	280
NODE_1128_length_280_cov_0.235294	2.139	NA	62.8571428571429	280
NODE_1129_length_280_cov_0.176471	1.6	NA	44.2857142857143	280
NODE_112_length_73751_cov_17.438879	130.309285714286	23	53.5057151767434	73751
NODE_1130_length_279_cov_0.934211	36.369	NA	25.089605734767	279
NODE_1131_length_279_cov_0.835526	27.767	NA	34.4086021505376	279
NODE_1132_length_279_cov_0.388158	246.681	NA	45.5197132616487	279
NODE_1133_length_279_cov_0.388158	14.165	NA	18.6379928315412	279
NODE_1134_length_279_cov_0.335526	1.613	NA	50.1792114695341	279
NODE_1135_length_279_cov_0.328947	29.007	NA	19.3548387096774	279
NODE_1136_length_279_cov_0.322368	17.254	NA	25.089605734767	279
NODE_1137_length_279_cov_0.302632	1.075	NA	34.0501792114695	279
NODE_1138_length_279_cov_0.302632	1.075	NA	69.1756272401434	279
NODE_1139_length_279_cov_0.302632	1.075	NA	69.1756272401434	279
NODE_113_length_71467_cov_810.771250	8172.39257142857	36	25.5138735360376	71467
NODE_1140_length_279_cov_0.302632	1.075	NA	44.0860215053763	279
NODE_1141_length_279_cov_0.302632	1.075	NA	67.0250896057348	279
NODE_1142_length_279_cov_0.302632	1.075	NA	46.2365591397849	279
NODE_1143_length_279_cov_0.269737	5.968	NA	21.505376344086	279
NODE_1144_length_279_cov_0.243421	1.753	NA	55.9139784946237	279
NODE_1145_length_279_cov_0.203947	1.272	NA	69.8924731182796	279
NODE_1146_length_278_cov_1.086093	15.874	NA	37.7697841726619	278
NODE_1147_length_278_cov_0.841060	22.147	NA	59.7122302158273	278
NODE_1148_length_278_cov_0.662252	36.324	NA	25.1798561151079	278
NODE_1149_length_278_cov_0.635762	11.475	NA	34.5323741007194	278
NODE_114_length_70964_cov_17.973107	133.933285714286	23	53.2593991319542	70964
NODE_1150_length_278_cov_0.609272	2.158	NA	36.6906474820144	278
NODE_1151_length_278_cov_0.609272	2.158	NA	45.3237410071942	278
NODE_1152_length_278_cov_0.582781	10.525	NA	27.6978417266187	278
NODE_1153_length_278_cov_0.569536	5.507	NA	46.4028776978417	278
NODE_1154_length_278_cov_0.543046	13.953	NA	23.0215827338129	278
NODE_1155_length_278_cov_0.304636	1.079	NA	67.9856115107914	278
NODE_1156_length_278_cov_0.304636	1.079	NA	56.4748201438849	278
NODE_1157_length_278_cov_0.304636	1.079	NA	47.1223021582734	278
NODE_1158_length_278_cov_0.298013	1.076	NA	61.5107913669065	278
NODE_1159_length_278_cov_0.298013	1.076	NA	44.9640287769784	278
NODE_115_length_70038_cov_17.767991	134.754857142857	23	53.1440075387647	70038
NODE_1160_length_278_cov_0.298013	1.076	NA	39.9280575539568	278
NODE_1161_length_278_cov_0.298013	1.076	NA	47.1223021582734	278
NODE_1162_length_278_cov_0.298013	1.076	NA	46.0431654676259	278
NODE_1163_length_278_cov_0.298013	1.525	NA	51.0791366906475	278
NODE_1164_length_278_cov_0.298013	1.076	NA	51.7985611510791	278
NODE_1165_length_278_cov_0.298013	1.076	NA	37.0503597122302	278
NODE_1166_length_278_cov_0.298013	1.076	NA	53.9568345323741	278
NODE_1167_length_278_cov_0.298013	1.076	NA	69.0647482014388	278
NODE_1168_length_278_cov_0.298013	1.076	NA	46.0431654676259	278
NODE_1169_length_278_cov_0.298013	1.076	NA	45.3237410071942	278
NODE_116_length_69968_cov_17.868659	135.252833333333	23	54.1590441344615	69968
NODE_1170_length_278_cov_0.298013	1.076	NA	59.7122302158273	278
NODE_1171_length_278_cov_0.211921	7.924	NA	53.5971223021583	278
NODE_1172_length_278_cov_0.000000	2.05	NA	44.2446043165468	278
NODE_1173_length_276_cov_19.261745	60.696	NA	53.6231884057971	276
NODE_1174_length_275_cov_63.500000	110.109	NA	36	275
NODE_1175_length_271_cov_30.125000	46.952	NA	47.2324723247232	271
NODE_1176_length_269_cov_28.140845	227.84	NA	45.3531598513011	269
NODE_1177_length_267_cov_13.907143	62.075	NA	48.689138576779	267
NODE_1178_length_263_cov_147.897059	170.494	NA	49.8098859315589	263
NODE_1179_length_262_cov_33.851852	31.924	NA	54.9618320610687	262
NODE_117_length_69278_cov_17.831167	135.033	23	52.1839545021508	69278
NODE_1180_length_260_cov_13.278195	46.088	NA	45.3846153846154	260
NODE_1181_length_259_cov_20.143939	76.811	NA	43.6293436293436	259
NODE_1182_length_257_cov_86.300000	306.479	NA	53.6964980544747	257
NODE_1183_length_256_cov_7.457364	59.496	NA	47.265625	256
NODE_1184_length_255_cov_222.554688	860.388	NA	61.5686274509804	255
NODE_1185_length_255_cov_185.539062	201.094	NA	58.4313725490196	255
NODE_1186_length_255_cov_185.281250	502.467	NA	60	255
NODE_1187_length_255_cov_144.367188	333.467	NA	56.078431372549	255
NODE_1188_length_255_cov_142.937500	161.384	NA	53.7254901960784	255
NODE_1189_length_255_cov_114.531250	166.255	NA	56.078431372549	255
NODE_118_length_68133_cov_18.090301	135.278	23	52.3417433549088	68133
NODE_1190_length_255_cov_101.820312	262.357	NA	58.4313725490196	255
NODE_1191_length_255_cov_87.757812	101.722	NA	49.8039215686275	255
NODE_1192_length_255_cov_36.250000	33.635	NA	56.078431372549	255
NODE_1193_length_255_cov_30.960938	65.024	NA	52.156862745098	255
NODE_1194_length_255_cov_26.320312	21.808	NA	45.0980392156863	255
NODE_1195_length_255_cov_25.906250	44.525	NA	56.078431372549	255
NODE_1196_length_255_cov_22.250000	15.722	NA	55.6862745098039	255
NODE_1197_length_255_cov_21.750000	18.482	NA	50.1960784313725	255
NODE_1198_length_255_cov_19.617188	32.357	NA	54.5098039215686	255
NODE_1199_length_254_cov_14.598425	60.114	NA	44.8818897637795	254
NODE_119_length_68057_cov_17.562137	133.4055	23	52.3678681105544	68057
NODE_11_length_266545_cov_18.200703	136.605615384615	23	52.1244067605845	266545
NODE_1200_length_254_cov_9.574803	120.78	NA	43.7007874015748	254
NODE_1201_length_254_cov_9.433071	64.012	NA	47.244094488189	254
NODE_1202_length_254_cov_4.992126	83.39	NA	46.8503937007874	254
NODE_1203_length_253_cov_15.507937	60.344	NA	58.102766798419	253
NODE_1204_length_253_cov_14.111111	57.557	NA	48.2213438735178	253
NODE_1205_length_253_cov_13.904762	47.249	NA	45.8498023715415	253
NODE_1206_length_253_cov_13.603175	50.091	NA	54.1501976284585	253
NODE_1207_length_253_cov_12.047619	59.996	NA	45.4545454545455	253
NODE_1208_length_253_cov_10.690476	55.937	NA	45.4545454545455	253
NODE_1209_length_253_cov_7.531746	106.292	NA	41.1067193675889	253
NODE_120_length_67410_cov_17.831845	134.703	23	52.5203975671265	67410
NODE_1210_length_252_cov_34.328000	118.73	NA	55.1587301587302	252
NODE_1211_length_252_cov_16.576000	23.377	NA	52.7777777777778	252
NODE_1212_length_251_cov_6.790323	57.622	NA	45.8167330677291	251
NODE_1213_length_251_cov_6.314516	76.04	NA	41.8326693227092	251
NODE_1214_length_250_cov_24.390244	87.812	NA	58.8	250
NODE_1215_length_250_cov_12.666667	47.54	NA	46.4	250
NODE_1216_length_250_cov_9.024390	32.964	NA	61.2	250
NODE_1217_length_249_cov_143.557377	374.972	NA	44.9799196787149	249
NODE_1218_length_249_cov_12.770492	42.538	NA	49.7991967871486	249
NODE_1219_length_248_cov_14.090909	51.008	NA	37.5	248
NODE_121_length_67119_cov_17.778003	134.418	23	51.6962410047826	67119
NODE_1220_length_246_cov_13.621849	75.28	NA	53.6585365853659	246
NODE_1221_length_245_cov_18.474576	14.608	NA	55.9183673469388	245
NODE_1222_length_244_cov_43.239316	75.102	NA	51.2295081967213	244
NODE_1223_length_244_cov_9.367521	47.037	NA	32.3770491803279	244
NODE_1224_length_243_cov_56.120690	102.498	NA	52.6748971193416	243
NODE_1225_length_242_cov_102.800000	114.128	NA	57.8512396694215	242
NODE_1226_length_242_cov_53.539130	149.963	NA	46.6942148760331	242
NODE_1227_length_241_cov_13.736842	16.552	NA	58.0912863070539	241
NODE_1228_length_240_cov_130.053097	274.879	NA	43.3333333333333	240
NODE_1229_length_240_cov_128.787611	1654.754	NA	47.0833333333333	240
NODE_122_length_67053_cov_18.004064	135.942	23	53.0416237901362	67053
NODE_1230_length_239_cov_66.705357	134.962	NA	53.5564853556485	239
NODE_1231_length_239_cov_14.169399	53.017	NA	55.6485355648536	239
NODE_1232_length_238_cov_517.639640	1075.735	NA	44.1176470588235	238
NODE_1233_length_238_cov_162.630631	168.265	NA	56.7226890756302	238
NODE_1234_length_236_cov_207.137615	423.004	NA	50.8474576271186	236
NODE_1235_length_234_cov_57.037383	64.632	NA	58.5470085470085	234
NODE_1236_length_234_cov_34.831776	64.026	NA	48.7179487179487	234
NODE_1237_length_234_cov_9.981308	8.833	NA	53.8461538461538	234
NODE_1238_length_232_cov_33.885714	26.086	NA	56.8965517241379	232
NODE_1239_length_232_cov_31.085714	64.603	NA	56.4655172413793	232
NODE_123_length_66829_cov_19.151914	136.553833333333	23	53.0323661883314	66829
NODE_1240_length_231_cov_297.615385	548.693	NA	53.6796536796537	231
NODE_1241_length_231_cov_143.586538	198.922	NA	56.7099567099567	231
NODE_1242_length_229_cov_8.137255	29.668	NA	58.9519650655022	229
NODE_1243_length_228_cov_13.980198	26.338	NA	51.7543859649123	228
NODE_1244_length_227_cov_100.630000	214.035	NA	43.1718061674009	227
NODE_1245_length_227_cov_94.190000	172.542	NA	44.0528634361233	227
NODE_1246_length_227_cov_50.650000	64.921	NA	46.2555066079295	227
NODE_1247_length_227_cov_13.610000	53.894	NA	61.2334801762115	227
NODE_1248_length_225_cov_70.428571	54.542	NA	64	225
NODE_1249_length_224_cov_257.938144	296.246	NA	58.0357142857143	224
NODE_124_length_66510_cov_18.155130	131.218666666667	23	53.2566531348669	66510
NODE_1250_length_223_cov_67.552083	229.489	NA	51.1210762331839	223
NODE_1251_length_223_cov_38.718750	132.749	NA	61.8834080717489	223
NODE_1252_length_223_cov_16.365714	72.664	NA	54.7085201793722	223
NODE_1253_length_222_cov_90.221053	208.752	NA	48.1981981981982	222
NODE_1254_length_222_cov_18.968421	21.108	NA	49.0990990990991	222
NODE_1255_length_222_cov_13.010526	27.032	NA	48.6486486486486	222
NODE_1256_length_221_cov_139.446809	435.733	NA	58.8235294117647	221
NODE_1257_length_221_cov_19.819149	31.385	NA	52.0361990950226	221
NODE_1258_length_220_cov_16.322581	57.568	NA	43.6363636363636	220
NODE_1259_length_219_cov_26.619565	40.521	NA	57.0776255707763	219
NODE_125_length_65308_cov_18.658382	136.918333333333	23	50.1041220064923	65308
NODE_1260_length_218_cov_2.791209	16.078	NA	54.1284403669725	218
NODE_1261_length_216_cov_87.674157	154.204	NA	43.0555555555556	216
NODE_1262_length_216_cov_32.932584	51.389	NA	48.6111111111111	216
NODE_1263_length_215_cov_46.136364	77.102	NA	42.7906976744186	215
NODE_1264_length_215_cov_31.409091	53.786	NA	49.3023255813954	215
NODE_1265_length_215_cov_10.852273	14.07	NA	58.1395348837209	215
NODE_1266_length_214_cov_28.206897	34.836	NA	51.8691588785047	214
NODE_1267_length_213_cov_39.441860	38.709	NA	56.8075117370892	213
NODE_1268_length_212_cov_149.952941	115.745	NA	59.9056603773585	212
NODE_1269_length_212_cov_42.223529	50.778	NA	58.9622641509434	212
NODE_126_length_64746_cov_18.407218	139.370166666667	23	50.1529051987768	64746
NODE_1270_length_210_cov_531.530120	681.043	NA	47.1428571428571	210
NODE_1271_length_210_cov_166.024096	114.505	NA	61.4285714285714	210
NODE_1272_length_210_cov_19.807229	43.571	NA	54.7619047619048	210
NODE_1273_length_209_cov_43.268293	131.364	NA	55.0239234449761	209
NODE_1274_length_208_cov_2.617284	27.553	NA	21.1538461538462	208
NODE_1275_length_208_cov_1.925926	14.889	NA	60.5769230769231	208
NODE_1276_length_206_cov_64.544304	109.947	NA	37.8640776699029	206
NODE_1277_length_205_cov_40.653846	58.576	NA	52.6829268292683	205
NODE_1278_length_205_cov_28.102564	116.971	NA	56.0975609756098	205
NODE_1279_length_205_cov_14.012821	16.205	NA	57.5609756097561	205
NODE_127_length_64619_cov_17.731548	134.185	23	52.6780049211532	64619
NODE_1280_length_204_cov_16.064935	9.804	NA	53.921568627451	204
NODE_1281_length_203_cov_146.000000	157.69	NA	55.1724137931034	203
NODE_1282_length_202_cov_33.893333	113.074	NA	60.8910891089109	202
NODE_1283_length_201_cov_149.405405	105.01	NA	57.7114427860697	201
NODE_1284_length_201_cov_58.351351	46.06	NA	59.2039800995025	201
NODE_1285_length_199_cov_77.958333	24.628	NA	53.7688442211055	199
NODE_1286_length_199_cov_70.180556	57.246	NA	58.7939698492462	199
NODE_1287_length_197_cov_62.057143	52.157	NA	44.6700507614213	197
NODE_1288_length_197_cov_2.414286	13.213	NA	36.5482233502538	197
NODE_1289_length_196_cov_76.753623	89.388	NA	49.4897959183673	196
NODE_128_length_64513_cov_17.561768	132.917166666667	23	53.2404321609598	64513
NODE_1290_length_195_cov_28.220588	42.687	NA	50.2564102564103	195
NODE_1291_length_194_cov_107.925373	58.675	NA	38.659793814433	194
NODE_1292_length_194_cov_5.910448	37.082	NA	32.4742268041237	194
NODE_1293_length_192_cov_10.876923	20.797	NA	58.8541666666667	192
NODE_1294_length_191_cov_49.765625	57.874	NA	59.6858638743456	191
NODE_1295_length_191_cov_14.609375	4.272	NA	49.738219895288	191
NODE_1296_length_190_cov_102.936508	86.095	NA	52.6315789473684	190
NODE_1297_length_190_cov_102.253968	221.884	NA	54.2105263157895	190
NODE_1298_length_190_cov_72.269841	130.8	NA	39.4736842105263	190
NODE_1299_length_188_cov_11.393443	7.516	NA	58.5106382978723	188
NODE_129_length_63493_cov_17.974466	134.946833333333	23	52.7349471595294	63493
NODE_12_length_261432_cov_17.944184	135.564461538462	23	52.7575048196089	261432
NODE_1300_length_188_cov_2.967213	14.995	NA	35.1063829787234	188
NODE_1301_length_187_cov_17.404459	68.283	NA	46.524064171123	187
NODE_1302_length_186_cov_27.694915	16.398	NA	56.989247311828	186
NODE_1303_length_186_cov_6.932203	1.651	NA	53.2258064516129	186
NODE_1304_length_186_cov_3.271186	32.876	NA	15.0537634408602	186
NODE_1305_length_186_cov_2.016949	18.866	NA	24.1935483870968	186
NODE_1306_length_186_cov_1.491525	16.608	NA	23.6559139784946	186
NODE_1307_length_185_cov_1.344828	3.838	NA	58.3783783783784	185
NODE_1308_length_184_cov_124.228070	162.141	NA	50	184
NODE_1309_length_184_cov_24.052632	12.109	NA	50.5434782608696	184
NODE_130_length_63173_cov_17.917949	134.944333333333	23	52.0760451458693	63173
NODE_1310_length_181_cov_422.000000	337.901	NA	58.0110497237569	181
NODE_1311_length_181_cov_18.703704	47.867	NA	55.8011049723757	181
NODE_1312_length_180_cov_19.509434	21.306	NA	60.5555555555556	180
NODE_1313_length_178_cov_1.588235	0.427	NA	59.5505617977528	178
NODE_1314_length_177_cov_116.540000	87.797	NA	45.7627118644068	177
NODE_1315_length_177_cov_95.660000	47.831	NA	62.7118644067797	177
NODE_1316_length_177_cov_16.520000	6.079	NA	47.4576271186441	177
NODE_1317_length_176_cov_560.306122	2739.42	NA	63.6363636363636	176
NODE_1318_length_176_cov_34.285714	5.489	NA	50	176
NODE_1319_length_176_cov_15.061224	35.386	NA	60.7954545454545	176
NODE_131_length_62565_cov_17.849242	135.204	23	51.8213058419244	62565
NODE_1320_length_176_cov_2.285714	2.182	NA	60.2272727272727	176
NODE_1321_length_175_cov_217.895833	109.137	NA	57.1428571428571	175
NODE_1322_length_175_cov_9.812500	25.709	NA	56	175
NODE_1323_length_173_cov_13.753333	67.514	NA	56.0693641618497	173
NODE_1324_length_172_cov_25.666667	21.058	NA	56.9767441860465	172
NODE_1325_length_171_cov_64.522727	25.257	NA	56.7251461988304	171
NODE_1326_length_169_cov_79.976190	24.059	NA	56.2130177514793	169
NODE_1327_length_168_cov_229.170732	78.149	NA	56.5476190476191	168
NODE_1328_length_168_cov_89.609756	46.577	NA	60.1190476190476	168
NODE_1329_length_166_cov_22.948718	7.639	NA	56.0240963855422	166
NODE_132_length_62413_cov_19.094548	143.287833333333	23	50.5663884126704	62413
NODE_1330_length_165_cov_70.184211	26.255	NA	54.5454545454545	165
NODE_1331_length_164_cov_194.135135	76.384	NA	55.4878048780488	164
NODE_1332_length_163_cov_187.583333	85.129	NA	63.8036809815951	163
NODE_1333_length_163_cov_23.972222	10.877	NA	55.8282208588957	163
NODE_1334_length_161_cov_35.911765	18.311	NA	53.416149068323	161
NODE_1335_length_160_cov_26.393939	8.756	NA	56.25	160
NODE_1336_length_160_cov_9.878788	17.269	NA	48.125	160
NODE_1337_length_159_cov_37.937500	12.994	NA	44.0251572327044	159
NODE_1338_length_159_cov_19.562500	16.176	NA	59.1194968553459	159
NODE_1339_length_159_cov_1.218750	3.667	NA	30.8176100628931	159
NODE_133_length_61082_cov_17.364121	132.895666666667	23	52.0251465243443	61082
NODE_1340_length_157_cov_552.633333	218.427	NA	45.859872611465	157
NODE_1341_length_157_cov_16.500000	8.019	NA	55.4140127388535	157
NODE_1342_length_157_cov_12.966667	9.363	NA	57.9617834394904	157
NODE_1343_length_157_cov_12.800000	7.834	NA	57.3248407643312	157
NODE_1344_length_154_cov_105.666667	19.558	NA	55.8441558441558	154
NODE_1345_length_153_cov_120.923077	42.176	NA	45.7516339869281	153
NODE_1346_length_153_cov_44.269231	7.111	NA	43.1372549019608	153
NODE_1347_length_153_cov_30.192308	21.523	NA	57.516339869281	153
NODE_1348_length_152_cov_51.200000	43.322	NA	55.9210526315789	152
NODE_1349_length_151_cov_48.583333	10.954	NA	56.2913907284768	151
NODE_134_length_61007_cov_17.570581	131.868833333333	23	51.1433114232793	61007
NODE_1350_length_151_cov_28.458333	8.603	NA	54.9668874172185	151
NODE_1351_length_151_cov_14.833333	7.013	NA	67.5496688741722	151
NODE_1352_length_151_cov_14.791667	9.318	NA	55.6291390728477	151
NODE_1353_length_151_cov_12.583333	3.947	NA	50.9933774834437	151
NODE_1354_length_151_cov_8.708333	1.132	NA	51.6556291390729	151
NODE_1355_length_151_cov_5.000000	11.219	NA	49.6688741721854	151
NODE_1356_length_150_cov_96.565217	32.3	NA	46	150
NODE_1357_length_150_cov_65.173913	4.833	NA	58.6666666666667	150
NODE_1358_length_150_cov_1.565217	6.84	NA	58.6666666666667	150
NODE_1359_length_149_cov_418.863636	120.51	NA	48.3221476510067	149
NODE_135_length_60441_cov_17.801224	134.389166666667	23	51.3724127661687	60441
NODE_1360_length_149_cov_99.727273	9.315	NA	47.6510067114094	149
NODE_1361_length_149_cov_19.409091	7.966	NA	47.6510067114094	149
NODE_1362_length_149_cov_18.863636	4.631	NA	55.0335570469799	149
NODE_1363_length_148_cov_62.857143	12.291	NA	50	148
NODE_1364_length_148_cov_27.571429	17.872	NA	49.3243243243243	148
NODE_1365_length_147_cov_59.400000	1.918	NA	39.4557823129252	147
NODE_1366_length_146_cov_194.315789	16.466	NA	65.7534246575343	146
NODE_1367_length_146_cov_41.578947	8.89	NA	55.4794520547945	146
NODE_1368_length_145_cov_50.444444	43.31	NA	48.9655172413793	145
NODE_1369_length_144_cov_21.764706	3.257	NA	56.25	144
NODE_136_length_60328_cov_17.590405	132.669666666667	23	52.2742341864474	60328
NODE_1370_length_143_cov_79.312500	6.091	NA	52.4475524475524	143
NODE_1371_length_142_cov_40.133333	53.549	NA	52.112676056338	142
NODE_1372_length_142_cov_2.000000	1.296	NA	57.7464788732394	142
NODE_1373_length_141_cov_34.357143	3.617	NA	52.4822695035461	141
NODE_1374_length_141_cov_22.071429	6.39	NA	57.4468085106383	141
NODE_1375_length_140_cov_60.769231	3.279	NA	37.1428571428571	140
NODE_1376_length_140_cov_32.076923	4.457	NA	50	140
NODE_1377_length_139_cov_48.916667	1.662	NA	54.6762589928058	139
NODE_1378_length_139_cov_24.500000	13.626	NA	55.3956834532374	139
NODE_1379_length_138_cov_77.272727	0	NA	49.2753623188406	138
NODE_137_length_59889_cov_17.482464	132.4748	23	52.011220758403	59889
NODE_1380_length_137_cov_76.900000	4.569	NA	50.3649635036496	137
NODE_1381_length_136_cov_73.555556	4.353	NA	51.4705882352941	136
NODE_1382_length_136_cov_51.333333	6.228	NA	51.4705882352941	136
NODE_1383_length_135_cov_553.250000	28.178	NA	51.8518518518519	135
NODE_1384_length_135_cov_388.625000	12.23	NA	45.9259259259259	135
NODE_1385_length_135_cov_91.000000	0	NA	51.8518518518519	135
NODE_1386_length_134_cov_26.857143	3.649	NA	47.7611940298507	134
NODE_1387_length_134_cov_18.000000	1.336	NA	47.0149253731343	134
NODE_1388_length_133_cov_74.000000	1.466	NA	55.6390977443609	133
NODE_1389_length_133_cov_27.000000	6.075	NA	54.8872180451128	133
NODE_138_length_58988_cov_18.033588	136.3486	23	50.5543500372957	58988
NODE_1390_length_133_cov_5.000000	1.985	NA	50.3759398496241	133
NODE_1391_length_132_cov_33.000000	0.97	NA	62.1212121212121	132
NODE_1392_length_132_cov_32.400000	4.78	NA	53.7878787878788	132
NODE_1393_length_132_cov_27.800000	0.833	NA	52.2727272727273	132
NODE_1394_length_132_cov_22.600000	2.22	NA	43.1818181818182	132
NODE_1395_length_132_cov_17.400000	3.045	NA	49.2424242424242	132
NODE_1396_length_131_cov_19.000000	0	NA	41.9847328244275	131
NODE_1397_length_130_cov_83.333333	1.062	NA	51.5384615384615	130
NODE_1398_length_130_cov_69.000000	1.123	NA	41.5384615384615	130
NODE_1399_length_130_cov_33.666667	2.892	NA	56.1538461538462	130
NODE_139_length_58859_cov_18.195737	137.8506	23	50.9047044632087	58859
NODE_13_length_249448_cov_18.129544	134.864291666667	23	53.415942400821	249448
NODE_1400_length_130_cov_31.666667	1.746	NA	36.1538461538462	130
NODE_1401_length_130_cov_22.333333	0.723	NA	56.9230769230769	130
NODE_1402_length_130_cov_21.333333	0	NA	51.5384615384615	130
NODE_1403_length_130_cov_19.666667	1.523	NA	52.3076923076923	130
NODE_1404_length_129_cov_594.500000	3.512	NA	41.8604651162791	129
NODE_1405_length_129_cov_213.500000	8.264	NA	62.7906976744186	129
NODE_1406_length_129_cov_72.000000	1.519	NA	55.8139534883721	129
NODE_1407_length_129_cov_72.000000	0.946	NA	41.0852713178295	129
NODE_1408_length_129_cov_70.500000	8.194	NA	34.1085271317829	129
NODE_1409_length_129_cov_61.000000	0.953	NA	41.0852713178295	129
NODE_140_length_58767_cov_18.045754	135.6968	23	52.2367995643814	58767
NODE_1410_length_129_cov_58.000000	3.116	NA	42.6356589147287	129
NODE_1411_length_129_cov_44.000000	1.76	NA	49.6124031007752	129
NODE_1412_length_129_cov_39.500000	2.426	NA	41.8604651162791	129
NODE_1413_length_129_cov_31.000000	0.984	NA	41.8604651162791	129
NODE_1414_length_129_cov_25.500000	0.992	NA	41.8604651162791	129
NODE_1415_length_129_cov_22.000000	0	NA	41.0852713178295	129
NODE_1416_length_129_cov_20.500000	0.953	NA	41.0852713178295	129
NODE_1417_length_129_cov_16.000000	0	NA	42.6356589147287	129
NODE_1418_length_129_cov_15.000000	2.039	NA	47.2868217054264	129
NODE_1419_length_129_cov_13.500000	3	NA	41.0852713178295	129
NODE_141_length_58723_cov_18.059885	135.6786	23	52.9536978696592	58723
NODE_1420_length_129_cov_12.500000	0	NA	40.3100775193798	129
NODE_1421_length_129_cov_12.500000	4.202	NA	40.3100775193798	129
NODE_1422_length_129_cov_7.000000	0	NA	53.4883720930233	129
NODE_1423_length_128_cov_343.000000	4.203	NA	42.1875	128
NODE_1424_length_128_cov_309.000000	3.078	NA	40.625	128
NODE_1425_length_128_cov_132.000000	0.586	NA	46.875	128
NODE_1426_length_128_cov_125.000000	2.648	NA	42.1875	128
NODE_1427_length_128_cov_115.000000	1.836	NA	41.40625	128
NODE_1428_length_128_cov_102.000000	3.227	NA	41.40625	128
NODE_1429_length_128_cov_100.000000	3.844	NA	42.96875	128
NODE_142_length_58469_cov_18.199342	135.166	23	51.7453693410183	58469
NODE_1430_length_128_cov_87.000000	2.742	NA	42.1875	128
NODE_1431_length_128_cov_85.000000	4.438	NA	42.96875	128
NODE_1432_length_128_cov_80.000000	0	NA	42.1875	128
NODE_1433_length_128_cov_74.000000	1.344	NA	40.625	128
NODE_1434_length_128_cov_73.000000	0.766	NA	45.3125	128
NODE_1435_length_128_cov_72.000000	0.445	NA	48.4375	128
NODE_1436_length_128_cov_57.000000	1.859	NA	43.75	128
NODE_1437_length_128_cov_57.000000	0.859	NA	42.96875	128
NODE_1438_length_128_cov_56.000000	3.258	NA	41.40625	128
NODE_1439_length_128_cov_55.000000	2.133	NA	42.96875	128
NODE_143_length_56085_cov_18.051699	133.9706	23	51.3934207007221	56085
NODE_1440_length_128_cov_54.000000	1	NA	42.96875	128
NODE_1441_length_128_cov_51.000000	0	NA	46.875	128
NODE_1442_length_128_cov_50.000000	1.703	NA	42.1875	128
NODE_1443_length_128_cov_49.000000	0	NA	41.40625	128
NODE_1444_length_128_cov_47.000000	1.484	NA	38.28125	128
NODE_1445_length_128_cov_47.000000	0	NA	50	128
NODE_1446_length_128_cov_46.000000	0	NA	36.71875	128
NODE_1447_length_128_cov_46.000000	0	NA	35.9375	128
NODE_1448_length_128_cov_45.000000	0.953	NA	62.5	128
NODE_1449_length_128_cov_44.000000	4.469	NA	40.625	128
NODE_144_length_55808_cov_17.943320	135.2876	23	52.5802752293578	55808
NODE_1450_length_128_cov_44.000000	3.359	NA	41.40625	128
NODE_1451_length_128_cov_44.000000	1.297	NA	43.75	128
NODE_1452_length_128_cov_40.000000	2.406	NA	42.1875	128
NODE_1453_length_128_cov_38.000000	0	NA	34.375	128
NODE_1454_length_128_cov_37.000000	0.562	NA	47.65625	128
NODE_1455_length_128_cov_36.000000	0	NA	34.375	128
NODE_1456_length_128_cov_36.000000	0	NA	52.34375	128
NODE_1457_length_128_cov_35.000000	0.242	NA	60.9375	128
NODE_1458_length_128_cov_35.000000	0.531	NA	36.71875	128
NODE_1459_length_128_cov_33.000000	0.914	NA	43.75	128
NODE_145_length_55352_cov_17.748139	134.3884	23	53.1814568579274	55352
NODE_1460_length_128_cov_31.000000	2.508	NA	35.9375	128
NODE_1461_length_128_cov_30.000000	0.867	NA	34.375	128
NODE_1462_length_128_cov_29.000000	2.75	NA	40.625	128
NODE_1463_length_128_cov_29.000000	2.18	NA	47.65625	128
NODE_1464_length_128_cov_28.000000	1.688	NA	41.40625	128
NODE_1465_length_128_cov_27.000000	0	NA	43.75	128
NODE_1466_length_128_cov_26.000000	3.273	NA	42.1875	128
NODE_1467_length_128_cov_25.000000	0.656	NA	41.40625	128
NODE_1468_length_128_cov_25.000000	4.219	NA	39.84375	128
NODE_1469_length_128_cov_24.000000	0	NA	57.03125	128
NODE_146_length_55130_cov_19.839572	147.8518	23	51.2896789406857	55130
NODE_1470_length_128_cov_24.000000	1.219	NA	57.03125	128
NODE_1471_length_128_cov_23.000000	4.242	NA	41.40625	128
NODE_1472_length_128_cov_22.000000	0	NA	42.1875	128
NODE_1473_length_128_cov_21.000000	0	NA	42.1875	128
NODE_1474_length_128_cov_20.000000	0.438	NA	40.625	128
NODE_1475_length_128_cov_20.000000	1.383	NA	55.46875	128
NODE_1476_length_128_cov_19.000000	2.32	NA	57.03125	128
NODE_1477_length_128_cov_18.000000	1.203	NA	46.09375	128
NODE_1478_length_128_cov_15.000000	1.328	NA	54.6875	128
NODE_1479_length_128_cov_15.000000	2.156	NA	42.1875	128
NODE_147_length_53825_cov_17.893590	132.7544	23	53.6590803529958	53825
NODE_1480_length_128_cov_8.000000	0	NA	41.40625	128
NODE_1481_length_127_cov_15.858268	7.654	NA	59.0551181102362	127
NODE_148_length_53206_cov_19.287477	140.2388	23	51.167161598316	53206
NODE_149_length_53136_cov_17.589862	132.0162	23	51.4792231255646	53136
NODE_14_length_243251_cov_17.588626	132.826875	23	52.0943387694192	243251
NODE_150_length_51112_cov_17.712131	134.204	23	52.5375645640945	51112
NODE_151_length_50985_cov_17.396142	131.89	23	51.436697067765	50985
NODE_152_length_50250_cov_18.146400	136.019	23	53.9542288557214	50250
NODE_153_length_49008_cov_19.492645	135.986	23	53.2912993796931	49008
NODE_154_length_48427_cov_18.280994	136.127	23	52.1155553720032	48427
NODE_155_length_47390_cov_17.790767	133.58475	23	51.2386579447141	47390
NODE_156_length_47241_cov_18.472174	138.65425	23	50.9493871848606	47241
NODE_157_length_46966_cov_17.412562	134.50775	23	51.8928586637142	46966
NODE_158_length_45868_cov_17.986314	133.17025	23	52.5268160809279	45868
NODE_159_length_45312_cov_18.308222	132.676	23	53.6303848870056	45312
NODE_15_length_227979_cov_17.613771	133.739409090909	23	52.8890818891214	227979
NODE_160_length_44971_cov_18.066163	136.26375	23	53.5678548397856	44971
NODE_161_length_44155_cov_17.675616	133.78675	23	52.5172687124901	44155
NODE_162_length_43487_cov_17.759732	134.08125	23	52.9974475130499	43487
NODE_163_length_43187_cov_17.876684	132.95825	23	52.3537175538935	43187
NODE_164_length_42917_cov_17.638327	129.8945	23	51.8955192581029	42917
NODE_165_length_42846_cov_17.874061	133.1305	23	51.8088036222751	42846
NODE_166_length_42154_cov_17.544864	132.7755	23	53.0839303506192	42154
NODE_167_length_41543_cov_17.693524	133.483	23	51.4864116698361	41543
NODE_168_length_40500_cov_17.858098	134.61475	23	51.8765432098765	40500
NODE_169_length_40020_cov_18.978066	135.294	23	53.0259870064967	40020
NODE_16_length_225875_cov_18.080506	135.758636363636	23	52.5215273934698	225875
NODE_170_length_39732_cov_18.554046	133.198	23	53.0781234269606	39732
NODE_171_length_39284_cov_19.537631	154.095666666667	23	50.0585480093677	39284
NODE_172_length_39055_cov_17.868681	134.144666666667	23	53.1097170656766	39055
NODE_173_length_38500_cov_17.658640	132.465666666667	23	52.0207792207792	38500
NODE_174_length_37154_cov_21.139466	149.431333333333	23	49.9838509985466	37154
NODE_175_length_36700_cov_17.644574	133.184333333333	23	53.3569482288828	36700
NODE_176_length_36449_cov_18.327928	137.199666666667	23	53.0769019726193	36449
NODE_177_length_35764_cov_18.220221	136.236666666667	23	51.7671401409238	35764
NODE_178_length_35660_cov_17.764135	133.982333333333	23	52.8154795288839	35660
NODE_179_length_34659_cov_19.505763	138.936333333333	23	50.2899679736865	34659
NODE_17_length_225461_cov_17.799178	134.735363636364	23	53.4278655732033	225461
NODE_180_length_34146_cov_17.972074	135.743333333333	23	48.9984185556141	34146
NODE_181_length_33798_cov_17.541178	132.317666666667	23	54.5564826321084	33798
NODE_182_length_33356_cov_18.951699	142.852666666667	23	50.9113802614222	33356
NODE_183_length_33238_cov_17.879859	131.829333333333	23	49.6419760515073	33238
NODE_184_length_32135_cov_17.943608	133.288666666667	23	53.8416057258441	32135
NODE_185_length_31473_cov_17.613507	132.534333333333	23	54.5674069837639	31473
NODE_186_length_31237_cov_17.905914	135.709333333333	23	52.3545795050741	31237
NODE_187_length_31204_cov_17.811887	133.643	23	53.4739136008204	31204
NODE_188_length_31171_cov_17.790491	133.683666666667	23	50.9159154342177	31171
NODE_189_length_30916_cov_20.691676	160.749333333333	23	52.9628671238194	30916
NODE_18_length_208786_cov_17.813605	134.6333	23	53.5184351441189	208786
NODE_190_length_30469_cov_17.963911	135.613	23	51.8986510879911	30469
NODE_191_length_29556_cov_17.104047	130.31	23	52.1822980105562	29556
NODE_192_length_29382_cov_18.214288	137.459	23	53.2128514056225	29382
NODE_193_length_28844_cov_17.212035	129.397	23	53.2138399667175	28844
NODE_194_length_28428_cov_18.813010	140.524	23	52.5643731532292	28428
NODE_195_length_28405_cov_17.952861	135.347	23	52.2760077451153	28405
NODE_196_length_26531_cov_17.858279	133.692	23	56.4019448946515	26531
NODE_197_length_26333_cov_17.629741	132.6255	23	50.0322788896062	26333
NODE_198_length_26191_cov_18.264886	137.4515	23	52.8158527738536	26191
NODE_199_length_25634_cov_17.489670	132.0505	23	51.4238901459	25634
NODE_19_length_202655_cov_18.067591	134.94495	23	52.3673237768622	202655
NODE_1_length_529827_cov_17.834318	134.125134615385	23	53.5912665832432	529827
NODE_200_length_25633_cov_18.269427	134.1885	23	54.0202083252058	25633
NODE_201_length_23379_cov_18.090229	136.434	23	52.8594037383977	23379
NODE_202_length_23249_cov_18.232592	136.407	23	50.7462686567164	23249
NODE_203_length_23070_cov_18.242994	136.762	23	52.3537061118336	23070
NODE_204_length_23016_cov_18.062956	136.321	23	53.5540493569691	23016
NODE_205_length_22954_cov_17.669339	132.6075	23	50.5184281606692	22954
NODE_206_length_22921_cov_18.137361	136.3345	23	53.9985166441255	22921
NODE_207_length_22802_cov_19.203616	136.5885	23	47.7677396719586	22802
NODE_208_length_22791_cov_18.175962	133.2895	23	51.6870694572419	22791
NODE_209_length_22599_cov_18.207325	136.299	23	52.3208991548299	22599
NODE_20_length_200788_cov_17.926677	135.00645	23	52.4244476761559	200788
NODE_210_length_21536_cov_18.088701	135.6655	23	52.4424219910847	21536
NODE_211_length_21246_cov_17.636488	132.724	23	53.1770686246823	21246
NODE_212_length_20865_cov_18.059986	136.1085	23	53.6832015336688	20865
NODE_213_length_20025_cov_17.958438	134.947	23	52.4794007490637	20025
NODE_214_length_19240_cov_19.582431	146.601	23	52.9573804573805	19240
NODE_215_length_19202_cov_17.531114	131.29	23	53.364232892407	19202
NODE_216_length_19117_cov_18.279831	134.18	23	51.0121881048282	19117
NODE_217_length_18538_cov_23.374885	171.679	23	48.6783903333693	18538
NODE_218_length_18219_cov_18.318373	137.457	23	51.1004994785663	18219
NODE_219_length_17194_cov_19.659753	140.949	23	50.9538211003839	17194
NODE_21_length_200247_cov_17.810858	132.39775	23	52.1750637962117	200247
NODE_220_length_17179_cov_18.661095	139.663	23	50.1018685604517	17179
NODE_221_length_17060_cov_17.915313	134.348	23	49.6014067995311	17060
NODE_222_length_16803_cov_19.745742	138.751	23	49.788728203297	16803
NODE_223_length_16767_cov_17.652404	132.393	23	52.5794715810819	16767
NODE_224_length_16760_cov_17.900439	135.148	23	51.18138424821	16760
NODE_225_length_16510_cov_17.407923	130.912	23	52.2652937613568	16510
NODE_226_length_16054_cov_17.650593	133.044	23	53.637722685935	16054
NODE_227_length_15880_cov_17.889799	134.125	23	49.4521410579345	15880
NODE_228_length_15453_cov_20.113402	134.494	23	52.417006406523	15453
NODE_229_length_14881_cov_23.100718	172.977	23	50.5476782474296	14881
NODE_22_length_194519_cov_17.712961	133.733052631579	23	52.8930335854081	194519
NODE_230_length_14792_cov_18.096284	136.907	23	50.9464575446187	14792
NODE_231_length_14564_cov_18.347579	137.593	23	51.6753639110135	14564
NODE_232_length_14467_cov_27.917922	170.637	23	47.7500518421235	14467
NODE_233_length_14441_cov_19.132597	132.874	23	50.8898275742677	14441
NODE_234_length_14435_cov_21.110568	159.607	23	50.1281607204711	14435
NODE_235_length_14093_cov_17.264571	129.804	23	52.7141133896261	14093
NODE_236_length_14060_cov_17.387138	136.525	23	53.6130867709815	14060
NODE_237_length_13851_cov_17.723186	131.946	23	53.9600028878781	13851
NODE_238_length_13015_cov_21.078678	130.78	23	51.8786016135229	13015
NODE_239_length_12648_cov_18.929718	141.65	23	51.9924098671727	12648
NODE_23_length_192158_cov_18.474392	139.604684210526	23	52.0144880775195	192158
NODE_240_length_12640_cov_19.121154	143.793	23	48.75	12640
NODE_241_length_11809_cov_18.671632	139.409	23	50.0719789990685	11809
NODE_242_length_11344_cov_17.717572	133.34	23	51.8423836389281	11344
NODE_243_length_10954_cov_17.176780	129.185	23	55.7787109731605	10954
NODE_244_length_10658_cov_17.448011	128.209	23	49.9155563895665	10658
NODE_245_length_10616_cov_20.319001	150.954	23	49.7362471740769	10616
NODE_246_length_10491_cov_18.610865	137.754	23	49.9380421313507	10491
NODE_247_length_10486_cov_17.545323	131.525	23	52.5843982452794	10486
NODE_248_length_10361_cov_17.849033	133.429	23	52.823086574655	10361
NODE_249_length_9526_cov_18.010320	133.743	23	47.816502204493	9526
NODE_24_length_188984_cov_17.912759	134.630166666667	23	53.7839182152986	188984
NODE_250_length_9475_cov_19.528776	135.339	23	49.1398416886544	9475
NODE_251_length_9470_cov_17.310930	130.768	23	51.3199577613516	9470
NODE_252_length_9459_cov_18.213245	134.995	23	50.6184586108468	9459
NODE_253_length_9327_cov_16.948043	127.438	23	48.911761552482	9327
NODE_254_length_8940_cov_17.272665	129.142	23	51.4988814317673	8940
NODE_255_length_8805_cov_17.829684	133.795	23	53.1289040318001	8805
NODE_256_length_8555_cov_17.913621	132.879	23	51.7475160724722	8555
NODE_257_length_8487_cov_17.865789	138.948	23	53.4346647814304	8487
NODE_258_length_8319_cov_18.034336	133.247	23	53.0472412549585	8319
NODE_259_length_8301_cov_18.216418	126.43	23	49.8373689916877	8301
NODE_25_length_187999_cov_17.798160	133.724888888889	23	52.7353868903558	187999
NODE_260_length_8061_cov_17.197504	128.984	23	50.5768515072572	8061
NODE_261_length_7794_cov_18.047737	133.792	23	52.052861175263	7794
NODE_262_length_7742_cov_19.171110	136.032	23	49.922500645828	7742
NODE_263_length_7567_cov_17.744086	130.973	23	52.1342672128981	7567
NODE_264_length_7454_cov_18.642418	138.168	23	52.5892138449155	7454
NODE_265_length_7437_cov_23.839672	170.028	23	49.9798305768455	7437
NODE_266_length_7167_cov_698.678409	7748.272	5	54.346309473978	7167
NODE_267_length_7139_cov_18.171135	135.105	23	50.4132231404959	7139
NODE_268_length_6929_cov_20.907527	150.977	23	51.5081541347958	6929
NODE_269_length_6900_cov_17.218662	127.039	23	48.7246376811594	6900
NODE_26_length_186418_cov_17.478950	132.406222222222	23	52.5367722001094	186418
NODE_270_length_6583_cov_17.502788	125.036	23	48.7012000607626	6583
NODE_271_length_6280_cov_40.701446	298.142	41	49.5700636942675	6280
NODE_272_length_6261_cov_19.691066	145.665	23	48.8420380130969	6261
NODE_273_length_5886_cov_19.753777	134.105	23	49.456337071016	5886
NODE_274_length_5022_cov_41.064760	299.084	57	52.1306252489048	5022
NODE_275_length_4647_cov_210.705973	1625.858	33	58.9197331611793	4647
NODE_276_length_4536_cov_35.846450	260.715	57	46.4065255731922	4536
NODE_277_length_4126_cov_17.626657	129.421	57	52.0116335433834	4126
NODE_278_length_4069_cov_27.806443	153.971	23	49.078397640698	4069
NODE_279_length_3916_cov_38.554500	318.075	60	53.5750766087845	3916
NODE_27_length_185131_cov_18.025108	135.491611111111	23	53.5642328945449	185131
NODE_280_length_3821_cov_18.770709	136.066	23	49.0185815231615	3821
NODE_281_length_3729_cov_16.419865	122.183	34	51.9442209707696	3729
NODE_282_length_3660_cov_22.337956	149.405	43	50.8196721311475	3660
NODE_283_length_3634_cov_16.344454	125.644	15	56.8794716565768	3634
NODE_284_length_3608_cov_17.098248	123.994	50	52.6884700665188	3608
NODE_285_length_3601_cov_24.436385	130.605	13	58.5392946403777	3601
NODE_286_length_3556_cov_16.797317	120.89	62	48.7345331833521	3556
NODE_287_length_3361_cov_17.790353	129.048	48	44.7188336804522	3361
NODE_288_length_3319_cov_64.537281	464.987	27	52.3952997890931	3319
NODE_289_length_3265_cov_26.845762	288.713	50	49.5558958652374	3265
NODE_28_length_183444_cov_18.117005	135.644388888889	23	51.1485794029786	183444
NODE_290_length_3112_cov_21.268342	133.725	53	51.7030848329049	3112
NODE_291_length_3050_cov_72.059528	528.836	29	57.7049180327869	3050
NODE_292_length_3016_cov_21.837314	144.277	57	49.6684350132626	3016
NODE_293_length_2908_cov_145.683927	1095.851	60	58.7689133425034	2908
NODE_294_length_2898_cov_50.563695	380.11	4	53.2091097308489	2898
NODE_295_length_2734_cov_25.569237	187.928	48	48.5003657644477	2734
NODE_296_length_2487_cov_33.938983	245.609	22	57.9010856453558	2487
NODE_297_length_2411_cov_34.433888	146.869	34	49.0253007051016	2411
NODE_298_length_2402_cov_16.251429	118.012	63	47.8767693588676	2402
NODE_299_length_2355_cov_33.785009	241.81	35	55.7537154989384	2355
NODE_29_length_180408_cov_18.175731	136.166111111111	23	53.497627599663	180408
NODE_2_length_445667_cov_18.076920	135.349659090909	23	52.8621145384334	445667
NODE_300_length_2263_cov_70.039794	503.774	33	55.015466195316	2263
NODE_301_length_2263_cov_16.445693	118.68	47	47.1056120194432	2263
NODE_302_length_2213_cov_35.760786	257.681	30	55.0835969272481	2213
NODE_303_length_2120_cov_19.070246	131.127	62	48.0660377358491	2120
NODE_304_length_2099_cov_16.620183	120.245	48	46.6888994759409	2099
NODE_305_length_2088_cov_15.921979	175.176	31	56.2260536398467	2088
NODE_306_length_2082_cov_18.128900	119.34	47	45.6772334293948	2082
NODE_307_length_2033_cov_19.350472	133.147	45	48.3030004918839	2033
NODE_308_length_2032_cov_94.513386	614.149	29	58.759842519685	2032
NODE_309_length_1987_cov_68.875269	487.695	12	55.4604932058379	1987
NODE_30_length_178699_cov_17.773666	134.225470588235	23	54.0221265927621	178699
NODE_310_length_1888_cov_24.195344	137.802	17	56.9385593220339	1888
NODE_311_length_1833_cov_77.886284	547.488	12	57.6650300054555	1833
NODE_312_length_1813_cov_54.747924	338.561	21	52.8957528957529	1813
NODE_313_length_1751_cov_84.540640	586.232	33	58.5950885208452	1751
NODE_314_length_1741_cov_17.578686	123.992	40	49.9138426191844	1741
NODE_315_length_1733_cov_295.828767	2359.856	0	55.1644547028275	1733
NODE_316_length_1732_cov_28.859190	157.38	24	53.810623556582	1732
NODE_317_length_1649_cov_62.247700	434.087	19	51.8496058217101	1649
NODE_318_length_1641_cov_15.588507	140.107	24	50.4570383912249	1641
NODE_319_length_1633_cov_15.973295	113.07	57	48.3159828536436	1633
NODE_31_length_167125_cov_18.040108	134.437375	23	53.06626776365	167125
NODE_320_length_1623_cov_557.030080	5019.235	11	51.3863216266174	1623
NODE_321_length_1584_cov_19.141386	115.616	32	50.2525252525253	1584
NODE_322_length_1537_cov_14.241135	212.645	38	53.675992192583	1537
NODE_323_length_1530_cov_19.028510	129.061	52	51.3725490196078	1530
NODE_324_length_1514_cov_39.425379	273.947	56	54.4253632760898	1514
NODE_325_length_1510_cov_18.378163	112.105	51	47.8807947019868	1510
NODE_326_length_1455_cov_33.226657	227.94	4	54.7079037800687	1455
NODE_327_length_1419_cov_78.507740	608.027	49	55.8844256518675	1419
NODE_328_length_1387_cov_38.201587	264.885	44	53.2804614275415	1387
NODE_329_length_1348_cov_102.226044	661.66	54	57.7893175074184	1348
NODE_32_length_166293_cov_17.507312	131.6536875	23	51.8698922985333	166293
NODE_330_length_1328_cov_35.327227	241.121	19	55.7981927710843	1328
NODE_331_length_1284_cov_35.230769	241.893	48	46.3395638629284	1284
NODE_332_length_1245_cov_20.736136	141.949	55	52.5301204819277	1245
NODE_333_length_1239_cov_15.584532	151.697	9	54.0758676351897	1239
NODE_334_length_1232_cov_33.666063	192.402	7	51.7045454545455	1232
NODE_335_length_1195_cov_73.309925	500.917	42	51.2133891213389	1195
NODE_336_length_1195_cov_36.735955	251.511	33	55.4811715481172	1195
NODE_337_length_1185_cov_24.816635	125.188	26	50.464135021097	1185
NODE_338_length_1170_cov_117.017258	597.842	39	48.8888888888889	1170
NODE_339_length_1163_cov_34.002896	225.955	10	53.8263112639725	1163
NODE_33_length_166035_cov_17.750868	133.4838125	23	52.5437407775469	166035
NODE_340_length_1157_cov_35.574757	225.487	59	52.3768366464996	1157
NODE_341_length_1156_cov_16.986395	117.802	32	54.9307958477509	1156
NODE_342_length_1139_cov_86.747036	566.658	61	49.5171202809482	1139
NODE_343_length_1115_cov_15.929150	98.717	3	54.5291479820628	1115
NODE_344_length_1111_cov_116.411585	725.866	14	51.035103510351	1111
NODE_345_length_1105_cov_35.242331	215.078	12	57.9185520361991	1105
NODE_346_length_1105_cov_18.307771	118.348	51	49.3212669683258	1105
NODE_347_length_1079_cov_68.853992	1036.073	46	55.9777571825765	1079
NODE_348_length_1077_cov_107.397895	360.96	39	48.4679665738162	1077
NODE_349_length_1055_cov_34.693966	237.718	1	56.303317535545	1055
NODE_34_length_165980_cov_17.869457	134.359625	23	52.8949270996506	165980
NODE_350_length_1045_cov_19.211329	130.866	37	46.3157894736842	1045
NODE_351_length_1043_cov_17.252183	114.33	18	49.0891658676894	1043
NODE_352_length_1043_cov_1.497817	60.466	36	33.6529242569511	1043
NODE_353_length_1041_cov_17.722101	115.834	2	48.2228626320845	1041
NODE_354_length_1032_cov_182.820994	1365.827	58	55.6201550387597	1032
NODE_355_length_1029_cov_1.352550	59.624	36	27.5996112730807	1029
NODE_356_length_1003_cov_49.771689	331.741	25	52.9411764705882	1003
NODE_357_length_1000_cov_98.201604	642.544	NA	47.4	1000
NODE_358_length_996_cov_24.651323	218.964	NA	47.9919678714859	996
NODE_359_length_992_cov_164.079769	552.257	NA	51.3104838709677	992
NODE_35_length_164319_cov_17.694376	133.1683125	23	52.4784108958794	164319
NODE_360_length_992_cov_49.678613	312.332	NA	48.5887096774194	992
NODE_361_length_988_cov_46.259001	254.512	NA	48.6842105263158	988
NODE_362_length_983_cov_33.466121	204.844	NA	46.0834181078332	983
NODE_363_length_960_cov_21.578631	138.627	NA	42.6041666666667	960
NODE_364_length_956_cov_86.180941	521.797	NA	53.9748953974895	956
NODE_365_length_952_cov_43.983030	222.699	NA	50.6302521008403	952
NODE_366_length_948_cov_35.797808	238.177	NA	51.6877637130802	948
NODE_367_length_943_cov_30.841912	198.905	NA	55.0371155885472	943
NODE_368_length_903_cov_42.350515	271.762	NA	52.1594684385382	903
NODE_369_length_895_cov_1.825521	90.734	NA	26.5921787709497	895
NODE_36_length_164251_cov_18.139651	135.698625	23	51.5059269045546	164251
NODE_370_length_894_cov_90.505867	470.351	NA	59.9552572706935	894
NODE_371_length_870_cov_20.036339	108.37	NA	51.4942528735632	870
NODE_372_length_870_cov_17.106326	101.12	NA	54.7126436781609	870
NODE_373_length_868_cov_34.529015	223.712	NA	53.110599078341	868
NODE_374_length_866_cov_80.688769	512.363	NA	50.5773672055427	866
NODE_375_length_863_cov_35.425272	228.841	NA	58.053302433372	863
NODE_376_length_862_cov_32.084354	205.74	NA	46.2877030162413	862
NODE_377_length_843_cov_55.642458	288.332	NA	62.870699881376	843
NODE_378_length_843_cov_38.634078	234.176	NA	53.8552787663108	843
NODE_379_length_833_cov_34.987252	291.103	NA	44.6578631452581	833
NODE_37_length_162475_cov_17.957332	134.5113125	23	53.3318972149562	162475
NODE_380_length_831_cov_34.480114	223.91	NA	55.4753309265945	831
NODE_381_length_827_cov_109.348571	642.096	NA	56.9528415961306	827
NODE_382_length_825_cov_199.032951	1219.456	NA	47.2727272727273	825
NODE_383_length_819_cov_34.494220	221.641	NA	49.6947496947497	819
NODE_384_length_817_cov_1.626087	54.528	NA	23.6230110159119	817
NODE_385_length_809_cov_92.000000	584.409	NA	42.7688504326329	809
NODE_386_length_807_cov_1.226471	65.621	NA	23.6679058240397	807
NODE_387_length_804_cov_2.898080	93.572	NA	18.9054726368159	804
NODE_388_length_802_cov_670.527407	7482.342	NA	55.3615960099751	802
NODE_389_length_802_cov_202.943704	1193.535	NA	61.3466334164589	802
NODE_38_length_160594_cov_17.998436	135.1259375	23	53.9135957756828	160594
NODE_390_length_802_cov_1.312593	101.53	NA	24.0648379052369	802
NODE_391_length_791_cov_1.118976	106.507	NA	51.0745891276865	791
NODE_392_length_785_cov_33.978723	221.033	NA	52.2292993630573	785
NODE_393_length_784_cov_1.175038	950.791	NA	62.8826530612245	784
NODE_394_length_758_cov_39.305864	144.763	NA	52.2427440633245	758
NODE_395_length_750_cov_1.764045	84.6	NA	32.6666666666667	750
NODE_396_length_748_cov_99.149758	625.809	NA	53.7433155080214	748
NODE_397_length_748_cov_37.594203	209.524	NA	56.0160427807487	748
NODE_398_length_743_cov_243.801948	1939.812	NA	55.1816958277254	743
NODE_399_length_737_cov_1.444262	219.695	NA	25.1017639077341	737
NODE_39_length_158983_cov_18.471194	137.309066666667	23	52.1263279721731	158983
NODE_3_length_413093_cov_18.222963	135.823585365854	23	53.5346762109259	413093
NODE_400_length_734_cov_18.018122	101.794	NA	50.8174386920981	734
NODE_401_length_733_cov_15.475248	116.001	NA	45.1568894952251	733
NODE_402_length_731_cov_37.407285	129.451	NA	49.7948016415869	731
NODE_403_length_729_cov_27.162791	209.41	NA	43.758573388203	729
NODE_404_length_722_cov_1.579832	136.597	NA	29.3628808864266	722
NODE_405_length_720_cov_43.510961	182.165	NA	51.8055555555556	720
NODE_406_length_720_cov_2.057336	63.461	NA	30.4166666666667	720
NODE_407_length_719_cov_153.094595	707.189	NA	42.9763560500695	719
NODE_408_length_712_cov_1.288889	67.963	NA	24.2977528089888	712
NODE_409_length_711_cov_34.871575	210.111	NA	46.5541490857947	711
NODE_40_length_156593_cov_18.153062	135.949133333333	23	50.5111978185487	156593
NODE_410_length_710_cov_3.140652	125.777	NA	19.2957746478873	710
NODE_411_length_704_cov_1.324090	81.946	NA	29.8295454545455	704
NODE_412_length_701_cov_1.468641	148.138	NA	22.5392296718973	701
NODE_413_length_698_cov_21.311734	112.577	NA	49.4269340974212	698
NODE_414_length_698_cov_1.542907	143.074	NA	30.0859598853868	698
NODE_415_length_697_cov_1.124561	103.801	NA	55.3802008608321	697
NODE_416_length_693_cov_1.812721	106.887	NA	29.5815295815296	693
NODE_417_length_691_cov_2.067376	91.596	NA	26.6280752532561	691
NODE_418_length_687_cov_2.619643	141.409	NA	28.6754002911208	687
NODE_419_length_680_cov_37.388788	207.504	NA	53.8235294117647	680
NODE_41_length_149227_cov_17.839759	135.180214285714	23	53.5814564388482	149227
NODE_420_length_680_cov_1.446655	116.156	NA	56.0294117647059	680
NODE_421_length_680_cov_1.303797	109.504	NA	20.8823529411765	680
NODE_422_length_679_cov_0.954710	95.318	NA	30.0441826215022	679
NODE_423_length_677_cov_1.283636	69.459	NA	23.0428360413589	677
NODE_424_length_676_cov_1.715847	101.932	NA	21.301775147929	676
NODE_425_length_674_cov_2.744059	96.3	NA	29.2284866468843	674
NODE_426_length_668_cov_32.885397	123.401	NA	54.4910179640719	668
NODE_427_length_667_cov_184.138889	406.792	NA	43.928035982009	667
NODE_428_length_667_cov_1.068519	99.096	NA	25.7871064467766	667
NODE_429_length_663_cov_18.277985	103.567	NA	51.131221719457	663
NODE_42_length_147958_cov_17.857966	134.791285714286	23	53.9957285175523	147958
NODE_430_length_661_cov_14.000000	165.723	NA	60.5143721633888	661
NODE_431_length_659_cov_36.710526	198.549	NA	56.6009104704097	659
NODE_432_length_653_cov_2.055133	58.297	NA	22.3583460949464	653
NODE_433_length_651_cov_2.141221	113.836	NA	18.5867895545315	651
NODE_434_length_651_cov_1.708015	98.33	NA	23.3486943164363	651
NODE_435_length_650_cov_57.036329	298.997	NA	53.5384615384615	650
NODE_436_length_643_cov_1.773256	91.997	NA	26.1275272161742	643
NODE_437_length_640_cov_35.298246	208.983	NA	51.25	640
NODE_438_length_639_cov_1.146484	58.089	NA	25.1956181533646	639
NODE_439_length_638_cov_1.444227	115.687	NA	25.0783699059561	638
NODE_43_length_146840_cov_18.098519	136.765785714286	23	53.1435576137292	146840
NODE_440_length_636_cov_0.917485	83.709	NA	26.2578616352201	636
NODE_441_length_635_cov_2.582677	77.283	NA	21.1023622047244	635
NODE_442_length_629_cov_1.410359	94.943	NA	28.4578696343402	629
NODE_443_length_626_cov_128.166333	294.249	NA	55.4313099041534	626
NODE_444_length_624_cov_76.708249	449.585	NA	47.9166666666667	624
NODE_445_length_622_cov_77.884848	371.786	NA	54.6623794212219	622
NODE_446_length_622_cov_1.452525	90.17	NA	25.8842443729904	622
NODE_447_length_618_cov_2.132383	88.827	NA	28.6407766990291	618
NODE_448_length_617_cov_17.761224	110.639	NA	46.353322528363	617
NODE_449_length_616_cov_1.775051	67.932	NA	23.538961038961	616
NODE_44_length_145357_cov_18.026338	134.169714285714	23	51.7663408023005	145357
NODE_450_length_616_cov_0.791411	84.635	NA	33.6038961038961	616
NODE_451_length_615_cov_1.676230	131.228	NA	24.2276422764228	615
NODE_452_length_614_cov_21.811088	113.331	NA	53.0944625407166	614
NODE_453_length_614_cov_1.441478	124.389	NA	29.4788273615635	614
NODE_454_length_612_cov_2.346392	150.781	NA	24.1830065359477	612
NODE_455_length_610_cov_25.149068	110.569	NA	49.5081967213115	610
NODE_456_length_607_cov_36.525000	189.356	NA	50.0823723228995	607
NODE_457_length_606_cov_1.179541	69.101	NA	28.5478547854785	606
NODE_458_length_604_cov_1.742138	51.394	NA	25.8278145695364	604
NODE_459_length_603_cov_20.804622	139.221	NA	55.0580431177446	603
NODE_45_length_144251_cov_18.163790	135.853714285714	23	53.5240656910524	144251
NODE_460_length_600_cov_2.120507	83.203	NA	25.6666666666667	600
NODE_461_length_599_cov_1.480932	146.895	NA	30.3839732888147	599
NODE_462_length_597_cov_1.248936	100.68	NA	23.6180904522613	597
NODE_463_length_595_cov_35.946581	141.259	NA	59.4957983193277	595
NODE_464_length_592_cov_34.238710	204.372	NA	46.7905405405405	592
NODE_465_length_591_cov_37.101293	123.836	NA	46.5313028764805	591
NODE_466_length_586_cov_54.220044	166.012	NA	49.8293515358362	586
NODE_467_length_586_cov_1.485839	65.642	NA	24.9146757679181	586
NODE_468_length_580_cov_175.419426	940.741	NA	56.551724137931	580
NODE_469_length_579_cov_267.320796	1602.264	NA	54.7495682210708	579
NODE_46_length_143936_cov_19.755787	145.506285714286	23	52.5566918630502	143936
NODE_470_length_576_cov_34.216036	194.333	NA	46.3541666666667	576
NODE_471_length_572_cov_1.730337	110.477	NA	22.5524475524476	572
NODE_472_length_571_cov_2.056306	52.993	NA	54.8161120840631	571
NODE_473_length_570_cov_1.539503	113.053	NA	25.2631578947368	570
NODE_474_length_570_cov_1.178330	169.235	NA	25.6140350877193	570
NODE_475_length_568_cov_13.430216	86.37	NA	52.9929577464789	568
NODE_476_length_568_cov_2.292517	74.632	NA	35.0352112676056	568
NODE_477_length_566_cov_2.514806	14.933	NA	22.6148409893993	566
NODE_478_length_565_cov_105.867580	634.196	NA	45.8407079646018	565
NODE_479_length_559_cov_1.307870	71.44	NA	21.824686940966	559
NODE_47_length_142742_cov_17.174947	129.987214285714	23	53.1441341721427	142742
NODE_480_length_558_cov_37.909513	193.532	NA	49.6415770609319	558
NODE_481_length_558_cov_2.201856	82.373	NA	24.1935483870968	558
NODE_482_length_555_cov_20.021028	100.69	NA	47.027027027027	555
NODE_483_length_553_cov_1.436620	165.792	NA	26.5822784810127	553
NODE_484_length_549_cov_132.561611	1171.109	NA	55.1912568306011	549
NODE_485_length_546_cov_17.858841	114.899	NA	51.8315018315018	546
NODE_486_length_544_cov_177.839329	1314.807	NA	53.8602941176471	544
NODE_487_length_544_cov_54.489209	243.816	NA	58.4558823529412	544
NODE_488_length_541_cov_84.442029	393.712	NA	50.2772643253235	541
NODE_489_length_539_cov_34.851942	209.417	NA	57.6994434137291	539
NODE_48_length_142313_cov_18.267614	136.228071428571	23	52.0493559969925	142313
NODE_490_length_538_cov_62.017032	303.857	NA	43.8661710037175	538
NODE_491_length_535_cov_26.995098	163.91	NA	52.8971962616822	535
NODE_492_length_534_cov_32.012285	167.521	NA	58.0524344569288	534
NODE_493_length_533_cov_17.233990	75.278	NA	51.9699812382739	533
NODE_494_length_530_cov_89.885856	513.383	NA	50.7547169811321	530
NODE_495_length_530_cov_0.280397	1.853	NA	18.6792452830189	530
NODE_496_length_529_cov_243.778607	1484.34	NA	61.6257088846881	529
NODE_497_length_520_cov_36.473282	204.19	NA	48.8461538461538	520
NODE_498_length_519_cov_73.306122	411.362	NA	48.9402697495183	519
NODE_499_length_519_cov_1.022959	65.16	NA	50.2890173410405	519
NODE_49_length_141831_cov_17.938661	134.859071428571	23	52.6873532584555	141831
NODE_4_length_383814_cov_17.977330	135.312473684211	23	52.1640690542815	383814
NODE_500_length_517_cov_0.235897	2.319	NA	42.5531914893617	517
NODE_501_length_513_cov_15.380829	135.552	NA	58.6744639376218	513
NODE_502_length_508_cov_116.322835	578.825	NA	60.4330708661417	508
NODE_503_length_507_cov_89.239474	818.174	NA	53.8461538461538	507
NODE_504_length_507_cov_43.639474	195.964	NA	59.3688362919132	507
NODE_505_length_503_cov_335.098404	1239.855	NA	54.4731610337972	503
NODE_506_length_503_cov_30.800532	162.732	NA	54.0755467196819	503
NODE_507_length_500_cov_17.014354	83.51	NA	56.2	500
NODE_508_length_500_cov_0.252011	2.016	NA	47.2	500
NODE_509_length_499_cov_1.287634	59.327	NA	22.4448897795591	499
NODE_50_length_141218_cov_17.616581	133.340214285714	23	53.6220595108272	141218
NODE_510_length_498_cov_2.199461	43.964	NA	23.6947791164659	498
NODE_511_length_491_cov_1.266484	52.548	NA	31.9755600814664	491
NODE_512_length_488_cov_42.634349	237.74	NA	54.7131147540984	488
NODE_513_length_486_cov_72.584958	148.097	NA	57.8189300411523	486
NODE_514_length_482_cov_216.912676	781.888	NA	54.5643153526971	482
NODE_515_length_478_cov_83.438746	464.251	NA	55.6485355648536	478
NODE_516_length_478_cov_1.048433	89.358	NA	22.8033472803347	478
NODE_517_length_476_cov_1.148997	125.599	NA	34.2436974789916	476
NODE_518_length_475_cov_406.801724	2668.771	NA	55.1578947368421	475
NODE_519_length_472_cov_350.608696	1375.093	NA	55.0847457627119	472
NODE_51_length_139359_cov_17.456274	132.328461538462	23	52.1408735711364	139359
NODE_520_length_463_cov_48.830357	221.322	NA	44.2764578833693	463
NODE_521_length_457_cov_0.390909	3.475	NA	42.6695842450766	457
NODE_522_length_454_cov_40.449541	119.372	NA	55.726872246696	454
NODE_523_length_454_cov_0.920489	20.231	NA	52.6431718061674	454
NODE_524_length_451_cov_17.595679	99.851	NA	51.219512195122	451
NODE_525_length_449_cov_32.947205	176.049	NA	50.1113585746102	449
NODE_526_length_446_cov_0.191223	41.841	NA	51.7937219730942	446
NODE_527_length_445_cov_94.971698	423.872	NA	56.6292134831461	445
NODE_528_length_445_cov_38.226415	91.328	NA	60	445
NODE_529_length_445_cov_1.094340	48.87	NA	26.9662921348315	445
NODE_52_length_138294_cov_17.363039	131.736	23	52.5062547905188	138294
NODE_530_length_444_cov_1.176656	59.703	NA	18.018018018018	444
NODE_531_length_443_cov_47.268987	417.51	NA	55.9819413092551	443
NODE_532_length_440_cov_0.856230	42.282	NA	23.4090909090909	440
NODE_533_length_438_cov_0.495177	2.381	NA	48.6301369863014	438
NODE_534_length_437_cov_13.390323	116.712	NA	49.8855835240275	437
NODE_535_length_436_cov_71.828479	202.096	NA	50	436
NODE_536_length_433_cov_57.937908	150.406	NA	52.1939953810624	433
NODE_537_length_428_cov_108.511628	580.407	NA	56.3084112149533	428
NODE_538_length_427_cov_50.443333	268.614	NA	53.3957845433255	427
NODE_539_length_425_cov_115.496644	339.976	NA	56	425
NODE_53_length_137222_cov_18.133163	135.939769230769	23	51.2381396569063	137222
NODE_540_length_422_cov_76.833898	216.434	NA	49.5260663507109	422
NODE_541_length_421_cov_66.156463	348.665	NA	53.9192399049881	421
NODE_542_length_421_cov_1.646259	29.088	NA	36.104513064133	421
NODE_543_length_421_cov_0.234694	1.777	NA	59.144893111639	421
NODE_544_length_420_cov_0.296928	1.774	NA	31.9047619047619	420
NODE_545_length_415_cov_106.822917	175.292	NA	49.1566265060241	415
NODE_546_length_415_cov_0.128472	1.802	NA	31.566265060241	415
NODE_547_length_410_cov_0.243816	2.193	NA	62.4390243902439	410
NODE_548_length_407_cov_54.671429	195.823	NA	53.3169533169533	407
NODE_549_length_405_cov_0.010791	1.849	NA	34.5679012345679	405
NODE_54_length_136666_cov_17.629732	133.681	23	52.6041590446783	136666
NODE_550_length_401_cov_0.200730	1.668	NA	52.1197007481297	401
NODE_551_length_400_cov_1.509158	31.843	NA	56.25	400
NODE_552_length_398_cov_1.343173	33.188	NA	31.4070351758794	398
NODE_553_length_398_cov_0.250923	1.505	NA	51.5075376884422	398
NODE_554_length_396_cov_1.765799	33.49	NA	33.0808080808081	396
NODE_555_length_394_cov_0.243446	1.135	NA	46.7005076142132	394
NODE_556_length_388_cov_21.988506	163.446	NA	55.9278350515464	388
NODE_557_length_388_cov_0.256705	1.925	NA	34.7938144329897	388
NODE_558_length_387_cov_0.546154	2.68	NA	49.0956072351421	387
NODE_559_length_386_cov_0.173745	1.536	NA	43.5233160621762	386
NODE_55_length_136016_cov_17.909691	135.231153846154	23	52.0924008940125	136016
NODE_560_length_384_cov_116.789883	324.927	NA	57.03125	384
NODE_561_length_384_cov_33.408560	53.734	NA	51.8229166666667	384
NODE_562_length_384_cov_16.073930	77.159	NA	46.875	384
NODE_563_length_382_cov_2.294118	45.827	NA	55.4973821989529	382
NODE_564_length_381_cov_0.153543	1.535	NA	52.49343832021	381
NODE_565_length_380_cov_43.466403	153.042	NA	58.1578947368421	380
NODE_566_length_377_cov_1.640000	68.78	NA	55.1724137931034	377
NODE_567_length_374_cov_196.979757	847.332	NA	48.9304812834225	374
NODE_568_length_374_cov_1.740891	69.043	NA	28.0748663101604	374
NODE_569_length_372_cov_126.379592	676.987	NA	50.5376344086022	372
NODE_56_length_135233_cov_17.812214	134.654461538462	23	53.0299557060777	135233
NODE_570_length_372_cov_1.265306	29.992	NA	58.8709677419355	372
NODE_571_length_370_cov_177.304527	569.189	NA	63.7837837837838	370
NODE_572_length_370_cov_1.703704	53.705	NA	30.5405405405405	370
NODE_573_length_370_cov_0.238683	1.216	NA	52.7027027027027	370
NODE_574_length_369_cov_2.433884	45.596	NA	30.0813008130081	369
NODE_575_length_368_cov_0.381743	1.63	NA	61.4130434782609	368
NODE_576_length_368_cov_0.336100	1.63	NA	29.0760869565217	368
NODE_577_length_368_cov_0.203320	1.628	NA	45.6521739130435	368
NODE_578_length_367_cov_82.520833	404.845	NA	57.2207084468665	367
NODE_579_length_366_cov_0.284519	1.227	NA	50	366
NODE_57_length_135192_cov_17.954022	133.174230769231	23	52.9106751878809	135192
NODE_580_length_366_cov_0.284519	1.634	NA	47.5409836065574	366
NODE_581_length_365_cov_1.256303	216.293	NA	27.1232876712329	365
NODE_582_length_365_cov_1.193277	35.488	NA	23.5616438356164	365
NODE_583_length_365_cov_0.121849	1.608	NA	35.3424657534247	365
NODE_584_length_364_cov_38.063291	158.22	NA	50.2747252747253	364
NODE_585_length_364_cov_0.291139	2.464	NA	50.2747252747253	364
NODE_586_length_363_cov_31.262712	106.052	NA	57.5757575757576	363
NODE_587_length_363_cov_15.466102	74.705	NA	42.6997245179063	363
NODE_588_length_361_cov_1.615385	57.97	NA	36.2880886426593	361
NODE_589_length_361_cov_0.170940	1.244	NA	45.4293628808864	361
NODE_58_length_134580_cov_18.000052	136.418923076923	23	52.2291573785109	134580
NODE_590_length_361_cov_0.136752	1.216	NA	34.9030470914127	361
NODE_591_length_360_cov_1.515021	22.197	NA	21.9444444444444	360
NODE_592_length_360_cov_0.248927	2.342	NA	45.5555555555556	360
NODE_593_length_358_cov_1.346320	23.464	NA	31.8435754189944	358
NODE_594_length_357_cov_223.339130	249.725	NA	57.703081232493	357
NODE_595_length_357_cov_2.078261	57.171	NA	25.4901960784314	357
NODE_596_length_357_cov_0.286957	1.252	NA	52.1008403361345	357
NODE_597_length_356_cov_111.336245	578.404	NA	56.1797752808989	356
NODE_598_length_356_cov_2.454148	32.275	NA	25	356
NODE_599_length_356_cov_1.995633	30	NA	31.1797752808989	356
NODE_59_length_133489_cov_17.834076	134.696538461538	23	53.4171354943104	133489
NODE_5_length_361595_cov_18.079208	135.69625	23	52.6425973810479	361595
NODE_600_length_355_cov_402.631579	1321.811	NA	60	355
NODE_601_length_355_cov_0.166667	1.687	NA	37.1830985915493	355
NODE_602_length_354_cov_11.154185	46.709	NA	58.7570621468927	354
NODE_603_length_353_cov_1.269912	23.363	NA	65.7223796033994	353
NODE_604_length_353_cov_1.035398	53.737	NA	27.4787535410765	353
NODE_605_length_352_cov_1.275556	54.224	NA	25.8522727272727	352
NODE_606_length_352_cov_0.226667	1.276	NA	68.4659090909091	352
NODE_607_length_351_cov_0.843750	20.966	NA	28.2051282051282	351
NODE_608_length_351_cov_0.834821	26.687	NA	21.3675213675214	351
NODE_609_length_350_cov_1.260090	21.991	NA	24	350
NODE_60_length_133437_cov_17.771488	133.831384615385	23	52.4502199539858	133437
NODE_610_length_349_cov_1.518018	25.562	NA	17.4785100286533	349
NODE_611_length_348_cov_0.203620	1.687	NA	64.6551724137931	348
NODE_612_length_347_cov_43.295455	213.282	NA	46.3976945244957	347
NODE_613_length_347_cov_1.209091	41.991	NA	46.9740634005764	347
NODE_614_length_346_cov_1.858447	47.653	NA	28.6127167630058	346
NODE_615_length_346_cov_0.748858	26.416	NA	18.2080924855491	346
NODE_616_length_344_cov_1.096774	26.299	NA	37.2093023255814	344
NODE_617_length_343_cov_1.532407	50.469	NA	53.3527696793003	343
NODE_618_length_342_cov_205.548837	554.465	NA	58.4795321637427	342
NODE_619_length_342_cov_189.311628	1249.292	NA	58.4795321637427	342
NODE_61_length_133246_cov_17.662663	134.022461538462	23	53.5640844753313	133246
NODE_620_length_342_cov_1.037209	29.389	NA	24.5614035087719	342
NODE_621_length_342_cov_0.255814	1.304	NA	42.9824561403509	342
NODE_622_length_341_cov_81.705607	261.642	NA	55.1319648093842	341
NODE_623_length_341_cov_0.859813	26.481	NA	15.8357771260997	341
NODE_624_length_340_cov_1.408451	44.929	NA	26.4705882352941	340
NODE_625_length_340_cov_0.417840	1.756	NA	53.5294117647059	340
NODE_626_length_339_cov_0.716981	42.292	NA	24.4837758112094	339
NODE_627_length_338_cov_2.473934	72.444	NA	29.2899408284024	338
NODE_628_length_338_cov_1.649289	37.784	NA	31.6568047337278	338
NODE_629_length_336_cov_0.177033	0.893	NA	71.7261904761905	336
NODE_62_length_132479_cov_17.727001	133.525846153846	23	53.4484710784351	132479
NODE_630_length_335_cov_0.211538	1.346	NA	38.2089552238806	335
NODE_631_length_334_cov_143.966184	306.069	NA	53.2934131736527	334
NODE_632_length_334_cov_1.869565	37.461	NA	27.2455089820359	334
NODE_633_length_334_cov_1.072464	36.374	NA	20.6586826347305	334
NODE_634_length_334_cov_0.434783	1.79	NA	48.8023952095808	334
NODE_635_length_334_cov_0.101449	1.793	NA	42.814371257485	334
NODE_636_length_333_cov_55.233010	254.715	NA	48.9489489489489	333
NODE_637_length_333_cov_1.587379	48.237	NA	21.3213213213213	333
NODE_638_length_333_cov_1.349515	60.829	NA	27.9279279279279	333
NODE_639_length_332_cov_0.517073	12.123	NA	21.0843373493976	332
NODE_63_length_129366_cov_18.177145	138.831666666667	23	53.8843281851491	129366
NODE_640_length_331_cov_1.838235	22.015	NA	33.2326283987915	331
NODE_641_length_331_cov_0.936275	11.707	NA	55.8912386706949	331
NODE_642_length_331_cov_0.725490	21.369	NA	32.6283987915408	331
NODE_643_length_331_cov_0.171569	1.36	NA	65.558912386707	331
NODE_644_length_330_cov_33.985222	125.048	NA	50	330
NODE_645_length_330_cov_1.142857	32.736	NA	56.0606060606061	330
NODE_646_length_329_cov_1.599010	23.353	NA	26.1398176291793	329
NODE_647_length_329_cov_1.524752	53.602	NA	22.7963525835866	329
NODE_648_length_329_cov_1.064356	23.614	NA	23.4042553191489	329
NODE_649_length_329_cov_1.049505	25.824	NA	20.3647416413374	329
NODE_64_length_122999_cov_17.984691	135.907333333333	23	52.5418905844763	122999
NODE_650_length_329_cov_0.574257	26.979	NA	48.0243161094225	329
NODE_651_length_328_cov_1.213930	50.659	NA	30.4878048780488	328
NODE_652_length_328_cov_0.786070	40.113	NA	28.9634146341463	328
NODE_653_length_327_cov_1.220000	45.098	NA	28.7461773700306	327
NODE_654_length_327_cov_1.005000	39.083	NA	51.9877675840979	327
NODE_655_length_327_cov_0.765000	22.685	NA	28.7461773700306	327
NODE_656_length_327_cov_0.670000	2.74	NA	40.0611620795107	327
NODE_657_length_327_cov_0.130000	0.908	NA	58.4097859327217	327
NODE_658_length_327_cov_0.010000	1.709	NA	62.9969418960245	327
NODE_659_length_326_cov_0.939698	22.96	NA	20.5521472392638	326
NODE_65_length_121595_cov_18.518054	136.0415	23	53.7406965746947	121595
NODE_660_length_326_cov_0.738693	18.853	NA	25.4601226993865	326
NODE_661_length_326_cov_0.341709	1.377	NA	49.6932515337423	326
NODE_662_length_326_cov_0.336683	1.374	NA	23.3128834355828	326
NODE_663_length_326_cov_0.316583	1.362	NA	47.5460122699387	326
NODE_664_length_326_cov_0.226131	0.917	NA	57.9754601226994	326
NODE_665_length_326_cov_0.155779	1.365	NA	45.7055214723926	326
NODE_666_length_325_cov_23.232323	49.56	NA	43.3846153846154	325
NODE_667_length_325_cov_1.565657	29.345	NA	27.3846153846154	325
NODE_668_length_325_cov_0.606061	23.028	NA	49.5384615384615	325
NODE_669_length_325_cov_0.227273	1.652	NA	44	325
NODE_66_length_121560_cov_17.981949	136.714916666667	23	51.0620269825601	121560
NODE_670_length_324_cov_1.406091	22.509	NA	25.9259259259259	324
NODE_671_length_324_cov_1.035533	77.145	NA	20.679012345679	324
NODE_672_length_324_cov_0.162437	2.472	NA	52.7777777777778	324
NODE_673_length_323_cov_1.836735	78.201	NA	24.1486068111455	323
NODE_674_length_323_cov_1.602041	37.842	NA	27.8637770897833	323
NODE_675_length_323_cov_1.408163	26.155	NA	29.1021671826625	323
NODE_676_length_323_cov_1.280612	31.108	NA	36.2229102167183	323
NODE_677_length_323_cov_1.183673	50.164	NA	26.625386996904	323
NODE_678_length_323_cov_1.107143	22.22	NA	26.3157894736842	323
NODE_679_length_323_cov_0.872449	823.399	NA	47.6780185758514	323
NODE_67_length_121192_cov_17.856771	133.776	23	53.636378638854	121192
NODE_680_length_323_cov_0.683673	13.139	NA	19.5046439628483	323
NODE_681_length_322_cov_1.435897	35.863	NA	48.1366459627329	322
NODE_682_length_322_cov_0.594872	20.87	NA	35.4037267080745	322
NODE_683_length_322_cov_0.487179	10.929	NA	34.7826086956522	322
NODE_684_length_322_cov_0.302564	1.385	NA	46.8944099378882	322
NODE_685_length_322_cov_0.266667	1.86	NA	41.304347826087	322
NODE_686_length_321_cov_1.721649	53.283	NA	23.6760124610592	321
NODE_687_length_321_cov_1.020619	35.888	NA	21.4953271028037	321
NODE_688_length_321_cov_0.969072	26.199	NA	26.1682242990654	321
NODE_689_length_320_cov_26.730570	49.212	NA	44.375	320
NODE_68_length_121152_cov_17.790357	134.907333333333	23	54.2310486001057	121152
NODE_690_length_320_cov_1.896373	29.678	NA	21.25	320
NODE_691_length_320_cov_1.554404	33.278	NA	27.5	320
NODE_692_length_320_cov_1.212435	31.147	NA	28.75	320
NODE_693_length_320_cov_0.455959	17.691	NA	23.75	320
NODE_694_length_320_cov_0.202073	1.387	NA	68.125	320
NODE_695_length_319_cov_1.625000	19.693	NA	21.9435736677116	319
NODE_696_length_319_cov_1.531250	23.73	NA	52.9780564263323	319
NODE_697_length_318_cov_1.366492	23.286	NA	24.8427672955975	318
NODE_698_length_318_cov_0.926702	24.522	NA	14.4654088050314	318
NODE_699_length_318_cov_0.895288	115.761	NA	36.7924528301887	318
NODE_69_length_120250_cov_18.359065	136.407333333333	23	53.1334719334719	120250
NODE_6_length_336339_cov_17.691403	133.261303030303	23	53.5281367905595	336339
NODE_700_length_318_cov_0.785340	28.997	NA	27.9874213836478	318
NODE_701_length_318_cov_0.282723	1.415	NA	50	318
NODE_702_length_317_cov_1.952632	29.404	NA	25.2365930599369	317
NODE_703_length_317_cov_1.652632	51.151	NA	31.8611987381703	317
NODE_704_length_317_cov_1.268421	42.256	NA	22.0820189274448	317
NODE_705_length_317_cov_1.115789	18.634	NA	23.0283911671924	317
NODE_706_length_317_cov_0.947368	62.356	NA	28.391167192429	317
NODE_707_length_317_cov_0.821053	43.965	NA	27.4447949526814	317
NODE_708_length_317_cov_0.478947	1.89	NA	37.8548895899054	317
NODE_709_length_317_cov_0.352632	3.126	NA	39.7476340694006	317
NODE_70_length_117919_cov_17.991799	135.584636363636	23	52.5648962423358	117919
NODE_710_length_317_cov_0.136842	1.372	NA	29.3375394321767	317
NODE_711_length_316_cov_17.333333	77.88	NA	56.3291139240506	316
NODE_712_length_316_cov_15.465608	70.316	NA	45.5696202531646	316
NODE_713_length_316_cov_1.444444	28.38	NA	27.2151898734177	316
NODE_714_length_316_cov_1.142857	80.383	NA	29.746835443038	316
NODE_715_length_316_cov_0.920635	45.491	NA	24.0506329113924	316
NODE_716_length_316_cov_0.788360	44.396	NA	25	316
NODE_717_length_316_cov_0.788360	75.595	NA	58.2278481012658	316
NODE_718_length_316_cov_0.550265	8.218	NA	22.7848101265823	316
NODE_719_length_316_cov_0.497354	32.133	NA	23.7341772151899	316
NODE_71_length_117676_cov_18.111018	135.938727272727	23	52.2944355688501	117676
NODE_720_length_316_cov_0.343915	1.889	NA	45.253164556962	316
NODE_721_length_315_cov_1.202128	29.997	NA	26.984126984127	315
NODE_722_length_315_cov_0.547872	39.797	NA	30.7936507936508	315
NODE_723_length_315_cov_0.351064	1.86	NA	66.031746031746	315
NODE_724_length_315_cov_0.111702	0.959	NA	34.9206349206349	315
NODE_725_length_314_cov_70.994652	258.889	NA	54.4585987261147	314
NODE_726_length_314_cov_1.363636	652.452	NA	53.8216560509554	314
NODE_727_length_314_cov_1.074866	81.083	NA	58.2802547770701	314
NODE_728_length_314_cov_1.005348	45.389	NA	22.2929936305732	314
NODE_729_length_314_cov_0.673797	31.15	NA	18.7898089171975	314
NODE_72_length_117169_cov_17.876130	132.312	23	51.7269926345706	117169
NODE_730_length_314_cov_0.315508	1.885	NA	50.3184713375796	314
NODE_731_length_314_cov_0.187166	1.904	NA	38.5350318471338	314
NODE_732_length_313_cov_1.182796	39.518	NA	26.517571884984	313
NODE_733_length_313_cov_0.844086	30.652	NA	31.3099041533546	313
NODE_734_length_313_cov_0.629032	35.358	NA	23.0031948881789	313
NODE_735_length_313_cov_0.559140	29.636	NA	25.8785942492013	313
NODE_736_length_313_cov_0.483871	14.636	NA	30.6709265175719	313
NODE_737_length_313_cov_0.241935	1.415	NA	48.8817891373802	313
NODE_738_length_312_cov_2.486486	41.26	NA	20.1923076923077	312
NODE_739_length_312_cov_1.800000	48.074	NA	34.9358974358974	312
NODE_73_length_116783_cov_18.058317	136.255545454545	23	52.3132647731262	116783
NODE_740_length_312_cov_1.345946	21.141	NA	25.9615384615385	312
NODE_741_length_312_cov_0.443243	28.571	NA	26.6025641025641	312
NODE_742_length_312_cov_0.400000	1.92	NA	64.7435897435897	312
NODE_743_length_312_cov_0.194595	1.506	NA	71.7948717948718	312
NODE_744_length_311_cov_33.092391	126.646	NA	46.6237942122186	311
NODE_745_length_311_cov_1.907609	25.807	NA	28.2958199356913	311
NODE_746_length_311_cov_1.847826	37.186	NA	30.2250803858521	311
NODE_747_length_311_cov_1.135870	32.302	NA	53.6977491961415	311
NODE_748_length_311_cov_1.108696	22.138	NA	26.0450160771704	311
NODE_749_length_311_cov_1.038043	47.958	NA	25.08038585209	311
NODE_74_length_115712_cov_18.704745	138.113272727273	23	51.6031180862832	115712
NODE_750_length_311_cov_0.597826	27.424	NA	30.2250803858521	311
NODE_751_length_311_cov_0.391304	2.283	NA	48.8745980707396	311
NODE_752_length_311_cov_0.364130	1.441	NA	44.6945337620579	311
NODE_753_length_310_cov_149.125683	262.852	NA	60.9677419354839	310
NODE_754_length_310_cov_1.393443	42.348	NA	23.8709677419355	310
NODE_755_length_310_cov_1.087432	15.803	NA	25.1612903225806	310
NODE_756_length_310_cov_0.715847	26.387	NA	29.0322580645161	310
NODE_757_length_310_cov_0.546448	34.058	NA	48.0645161290323	310
NODE_758_length_310_cov_0.530055	29.69	NA	53.8709677419355	310
NODE_759_length_310_cov_0.398907	6.839	NA	41.9354838709677	310
NODE_75_length_114238_cov_18.094075	135.733272727273	23	53.0147586617413	114238
NODE_760_length_310_cov_0.043716	1.387	NA	46.7741935483871	310
NODE_761_length_309_cov_1.620879	30.799	NA	28.4789644012945	309
NODE_762_length_309_cov_1.082418	42.398	NA	30.42071197411	309
NODE_763_length_309_cov_0.972527	18.544	NA	33.3333333333333	309
NODE_764_length_309_cov_0.912088	23.343	NA	28.8025889967638	309
NODE_765_length_309_cov_0.895604	27.958	NA	28.1553398058252	309
NODE_766_length_309_cov_0.840659	10.485	NA	20.3883495145631	309
NODE_767_length_309_cov_0.824176	10.929	NA	25.2427184466019	309
NODE_768_length_309_cov_0.802198	23.793	NA	35.9223300970874	309
NODE_769_length_309_cov_0.648352	13.042	NA	42.3948220064725	309
NODE_76_length_112905_cov_18.051588	136.256545454545	23	53.780612018954	112905
NODE_770_length_309_cov_0.637363	128.68	NA	54.6925566343042	309
NODE_771_length_309_cov_0.620879	37.735	NA	27.831715210356	309
NODE_772_length_309_cov_0.516484	25.599	NA	27.831715210356	309
NODE_773_length_309_cov_0.478022	1.926	NA	31.3915857605178	309
NODE_774_length_309_cov_0.445055	10.77	NA	52.7508090614887	309
NODE_775_length_309_cov_0.335165	4.304	NA	29.4498381877023	309
NODE_776_length_309_cov_0.291209	6.113	NA	55.663430420712	309
NODE_777_length_309_cov_0.126374	0.971	NA	60.1941747572816	309
NODE_778_length_308_cov_22.596685	96.834	NA	46.1038961038961	308
NODE_779_length_308_cov_1.690608	46.224	NA	27.5974025974026	308
NODE_77_length_112663_cov_18.013071	133.982090909091	23	51.604342153147	112663
NODE_780_length_308_cov_1.596685	63.494	NA	24.3506493506494	308
NODE_781_length_308_cov_0.878453	8.614	NA	25.3246753246753	308
NODE_782_length_308_cov_0.602210	16.519	NA	12.6623376623377	308
NODE_783_length_308_cov_0.541436	2.916	NA	52.9220779220779	308
NODE_784_length_307_cov_16.430876	80.469	NA	46.2540716612378	307
NODE_785_length_307_cov_2.694444	39.436	NA	58.6319218241042	307
NODE_786_length_307_cov_1.022222	21.303	NA	26.0586319218241	307
NODE_787_length_307_cov_0.677778	28.088	NA	63.8436482084691	307
NODE_788_length_307_cov_0.600000	16.459	NA	22.1498371335505	307
NODE_789_length_307_cov_0.583333	22.186	NA	27.6872964169381	307
NODE_78_length_112366_cov_17.989745	136.109545454545	23	53.1975864585373	112366
NODE_790_length_307_cov_0.427778	24.264	NA	19.5439739413681	307
NODE_791_length_307_cov_0.350000	1.928	NA	33.2247557003257	307
NODE_792_length_306_cov_2.737430	40.075	NA	19.9346405228758	306
NODE_793_length_306_cov_1.251397	65.232	NA	58.4967320261438	306
NODE_794_length_306_cov_1.189944	35.824	NA	22.8758169934641	306
NODE_795_length_306_cov_0.938547	56.889	NA	28.7581699346405	306
NODE_796_length_306_cov_0.815642	17.997	NA	20.5882352941176	306
NODE_797_length_306_cov_0.782123	28.438	NA	26.4705882352941	306
NODE_798_length_306_cov_0.776536	13.899	NA	27.7777777777778	306
NODE_799_length_306_cov_0.743017	218.592	NA	63.3986928104575	306
NODE_79_length_111305_cov_18.175700	134.798272727273	23	53.2285162391627	111305
NODE_7_length_313323_cov_18.100512	134.277774193548	23	52.7643996770106	313323
NODE_800_length_306_cov_0.670391	14.618	NA	35.9477124183007	306
NODE_801_length_306_cov_0.374302	10.846	NA	23.5294117647059	306
NODE_802_length_306_cov_0.368715	19.314	NA	34.640522875817	306
NODE_803_length_305_cov_1.426966	55.498	NA	23.6065573770492	305
NODE_804_length_305_cov_0.769663	29.492	NA	23.9344262295082	305
NODE_805_length_305_cov_0.702247	44.613	NA	24.9180327868852	305
NODE_806_length_305_cov_0.674157	27.544	NA	21.9672131147541	305
NODE_807_length_305_cov_0.651685	20.18	NA	51.4754098360656	305
NODE_808_length_305_cov_0.528090	8.711	NA	56.7213114754098	305
NODE_809_length_305_cov_0.528090	19.662	NA	21.9672131147541	305
NODE_80_length_111158_cov_18.041763	134.697727272727	23	52.8679897083431	111158
NODE_810_length_305_cov_0.410112	70.954	NA	55.0819672131148	305
NODE_811_length_305_cov_0.168539	1.859	NA	64.9180327868852	305
NODE_812_length_305_cov_0.123596	0.489	NA	70.1639344262295	305
NODE_813_length_304_cov_2.299435	24.73	NA	31.5789473684211	304
NODE_814_length_304_cov_2.248588	37.536	NA	25.9868421052632	304
NODE_815_length_304_cov_1.920904	40.092	NA	25.6578947368421	304
NODE_816_length_304_cov_1.706215	59.355	NA	19.7368421052632	304
NODE_817_length_304_cov_1.644068	43.145	NA	26.6447368421053	304
NODE_818_length_304_cov_1.316384	25.049	NA	43.4210526315789	304
NODE_819_length_304_cov_1.056497	93.812	NA	21.7105263157895	304
NODE_81_length_109252_cov_17.974039	135.4012	23	52.3770731885915	109252
NODE_820_length_304_cov_0.881356	29.033	NA	26.6447368421053	304
NODE_821_length_304_cov_0.779661	26.592	NA	22.3684210526316	304
NODE_822_length_304_cov_0.587571	27.391	NA	33.5526315789474	304
NODE_823_length_303_cov_1.062500	27.789	NA	24.0924092409241	303
NODE_824_length_303_cov_0.965909	17.05	NA	23.4323432343234	303
NODE_825_length_303_cov_0.914773	23.333	NA	57.4257425742574	303
NODE_826_length_303_cov_0.795455	9.871	NA	18.1518151815182	303
NODE_827_length_303_cov_0.761364	61.66	NA	24.7524752475248	303
NODE_828_length_303_cov_0.727273	19.624	NA	16.1716171617162	303
NODE_829_length_303_cov_0.602273	51.211	NA	59.4059405940594	303
NODE_82_length_105611_cov_18.012808	134.6318	23	51.5012640728712	105611
NODE_830_length_303_cov_0.522727	16.492	NA	21.1221122112211	303
NODE_831_length_303_cov_0.511364	15.66	NA	30.6930693069307	303
NODE_832_length_303_cov_0.471591	29.053	NA	24.0924092409241	303
NODE_833_length_303_cov_0.465909	11.277	NA	47.5247524752475	303
NODE_834_length_303_cov_0.386364	1.482	NA	48.5148514851485	303
NODE_835_length_303_cov_0.380682	1.974	NA	47.1947194719472	303
NODE_836_length_303_cov_0.221591	1.65	NA	43.2343234323432	303
NODE_837_length_302_cov_64.742857	220.212	NA	55.2980132450331	302
NODE_838_length_302_cov_1.240000	47.921	NA	57.2847682119205	302
NODE_839_length_302_cov_1.068571	46.166	NA	25.8278145695364	302
NODE_83_length_105081_cov_17.963717	136.0548	23	52.8944338177216	105081
NODE_840_length_302_cov_0.617143	25.911	NA	30.4635761589404	302
NODE_841_length_302_cov_0.462857	82.364	NA	39.0728476821192	302
NODE_842_length_302_cov_0.440000	29.901	NA	26.4900662251656	302
NODE_843_length_302_cov_0.394286	1.987	NA	51.6556291390729	302
NODE_844_length_302_cov_0.371429	1.897	NA	45.364238410596	302
NODE_845_length_302_cov_0.360000	6.381	NA	16.887417218543	302
NODE_846_length_302_cov_0.251429	5.185	NA	27.8145695364238	302
NODE_847_length_301_cov_1.787356	33.066	NA	58.4717607973422	301
NODE_848_length_301_cov_1.304598	21.734	NA	28.9036544850498	301
NODE_849_length_301_cov_1.063218	35.01	NA	26.578073089701	301
NODE_84_length_104911_cov_18.219499	136.1223	23	53.1793615540792	104911
NODE_850_length_301_cov_0.862069	36.442	NA	18.936877076412	301
NODE_851_length_301_cov_0.614943	55.784	NA	34.21926910299	301
NODE_852_length_301_cov_0.591954	18.246	NA	30.2325581395349	301
NODE_853_length_301_cov_0.488506	5.605	NA	59.468438538206	301
NODE_854_length_301_cov_0.465517	30.628	NA	17.9401993355482	301
NODE_855_length_301_cov_0.373563	1.977	NA	36.2126245847176	301
NODE_856_length_301_cov_0.252874	1.674	NA	50.1661129568106	301
NODE_857_length_301_cov_0.183908	0.993	NA	50.8305647840532	301
NODE_858_length_300_cov_2.710983	22.46	NA	36.3333333333333	300
NODE_859_length_300_cov_1.294798	31.65	NA	27.3333333333333	300
NODE_85_length_103813_cov_17.725633	132.2347	23	53.4769248552686	103813
NODE_860_length_300_cov_1.173410	20.21	NA	30	300
NODE_861_length_300_cov_1.092486	26.547	NA	24.3333333333333	300
NODE_862_length_300_cov_1.011561	24.837	NA	32	300
NODE_863_length_300_cov_0.953757	45.79	NA	25.3333333333333	300
NODE_864_length_300_cov_0.913295	65.21	NA	19.6666666666667	300
NODE_865_length_300_cov_0.832370	19.953	NA	24.3333333333333	300
NODE_866_length_300_cov_0.768786	19.237	NA	18.6666666666667	300
NODE_867_length_300_cov_0.693642	39.617	NA	19.3333333333333	300
NODE_868_length_300_cov_0.687861	15.39	NA	55.6666666666667	300
NODE_869_length_300_cov_0.531792	2	NA	44	300
NODE_86_length_103811_cov_17.792630	133.0622	23	54.8207800714761	103811
NODE_870_length_300_cov_0.456647	26.897	NA	19	300
NODE_871_length_300_cov_0.416185	28.477	NA	23.3333333333333	300
NODE_872_length_300_cov_0.104046	1.003	NA	56.3333333333333	300
NODE_873_length_299_cov_2.563953	35.983	NA	25.4180602006689	299
NODE_874_length_299_cov_1.529070	31.177	NA	23.7458193979933	299
NODE_875_length_299_cov_1.197674	10.191	NA	26.7558528428094	299
NODE_876_length_299_cov_0.709302	22.391	NA	13.0434782608696	299
NODE_877_length_299_cov_0.581395	28.876	NA	19.7324414715719	299
NODE_878_length_299_cov_0.575581	2.866	NA	48.1605351170569	299
NODE_879_length_299_cov_0.459302	10.649	NA	57.8595317725753	299
NODE_87_length_101709_cov_17.885669	135.2471	23	52.5351738784178	101709
NODE_880_length_299_cov_0.389535	5.023	NA	16.0535117056856	299
NODE_881_length_299_cov_0.377907	1.492	NA	57.5250836120401	299
NODE_882_length_299_cov_0.366279	27.682	NA	49.1638795986622	299
NODE_883_length_299_cov_0.319767	4.562	NA	58.5284280936455	299
NODE_884_length_298_cov_78.660819	152.188	NA	47.6510067114094	298
NODE_885_length_298_cov_2.304094	64.779	NA	18.1208053691275	298
NODE_886_length_298_cov_2.146199	25.487	NA	29.8657718120805	298
NODE_887_length_298_cov_2.111111	24.688	NA	52.0134228187919	298
NODE_888_length_298_cov_1.140351	34.664	NA	18.1208053691275	298
NODE_889_length_298_cov_1.087719	13.772	NA	32.2147651006711	298
NODE_88_length_97044_cov_17.568817	131.994111111111	23	51.6858332302873	97044
NODE_890_length_298_cov_0.789474	200.745	NA	23.8255033557047	298
NODE_891_length_298_cov_0.766082	24.997	NA	26.1744966442953	298
NODE_892_length_298_cov_0.602339	16.221	NA	20.8053691275168	298
NODE_893_length_298_cov_0.508772	17.403	NA	28.1879194630872	298
NODE_894_length_298_cov_0.450292	98.718	NA	37.9194630872483	298
NODE_895_length_298_cov_0.380117	1.51	NA	44.9664429530201	298
NODE_896_length_298_cov_0.093567	1.507	NA	43.2885906040268	298
NODE_897_length_297_cov_1.135294	13.869	NA	28.956228956229	297
NODE_898_length_297_cov_1.123529	19.882	NA	29.2929292929293	297
NODE_899_length_297_cov_0.841176	38.933	NA	21.5488215488216	297
NODE_89_length_96027_cov_17.617122	133.803888888889	23	53.7525904172785	96027
NODE_8_length_296222_cov_18.006086	135.177620689655	23	52.6470012355598	296222
NODE_900_length_297_cov_0.735294	17.744	NA	23.9057239057239	297
NODE_901_length_297_cov_0.700000	18.582	NA	27.6094276094276	297
NODE_902_length_297_cov_0.670588	17.788	NA	30.6397306397306	297
NODE_903_length_297_cov_0.529412	20.616	NA	26.9360269360269	297
NODE_904_length_297_cov_0.452941	24.047	NA	26.2626262626263	297
NODE_905_length_297_cov_0.376471	8.98	NA	17.1717171717172	297
NODE_906_length_297_cov_0.200000	1.007	NA	68.3501683501683	297
NODE_907_length_296_cov_17.343195	76.645	NA	48.9864864864865	296
NODE_908_length_296_cov_2.355030	38.997	NA	23.3108108108108	296
NODE_909_length_296_cov_1.331361	56.125	NA	29.0540540540541	296
NODE_90_length_95328_cov_17.950505	135.830333333333	23	52.7830228264518	95328
NODE_910_length_296_cov_1.112426	30.544	NA	27.3648648648649	296
NODE_911_length_296_cov_0.923077	12.446	NA	29.7297297297297	296
NODE_912_length_296_cov_0.810651	7.476	NA	21.9594594594595	296
NODE_913_length_296_cov_0.798817	42.703	NA	26.0135135135135	296
NODE_914_length_296_cov_0.603550	8.666	NA	21.2837837837838	296
NODE_915_length_296_cov_0.479290	6.736	NA	64.1891891891892	296
NODE_916_length_296_cov_0.455621	23.507	NA	20.9459459459459	296
NODE_917_length_296_cov_0.360947	1.52	NA	25	296
NODE_918_length_296_cov_0.272189	7.081	NA	29.7297297297297	296
NODE_919_length_295_cov_1.779762	29.034	NA	27.1186440677966	295
NODE_91_length_95123_cov_18.338467	139.644666666667	23	51.9590425028647	95123
NODE_920_length_295_cov_1.202381	11.376	NA	52.8813559322034	295
NODE_921_length_295_cov_1.172619	17.315	NA	29.1525423728814	295
NODE_922_length_295_cov_1.041667	25.349	NA	24.4067796610169	295
NODE_923_length_295_cov_1.041667	52.786	NA	51.5254237288136	295
NODE_924_length_295_cov_0.833333	19.82	NA	21.6949152542373	295
NODE_925_length_295_cov_0.821429	44.488	NA	24.7457627118644	295
NODE_926_length_295_cov_0.779762	38.342	NA	29.4915254237288	295
NODE_927_length_295_cov_0.720238	16.759	NA	31.1864406779661	295
NODE_928_length_295_cov_0.708333	26.376	NA	57.2881355932203	295
NODE_929_length_295_cov_0.589286	30.498	NA	24.4067796610169	295
NODE_92_length_92917_cov_17.601153	135.719111111111	23	52.687882734053	92917
NODE_930_length_295_cov_0.535714	19.725	NA	40.6779661016949	295
NODE_931_length_295_cov_0.476190	18.939	NA	24.7457627118644	295
NODE_932_length_295_cov_0.458333	2.844	NA	37.9661016949153	295
NODE_933_length_295_cov_0.452381	1.98	NA	47.7966101694915	295
NODE_934_length_295_cov_0.416667	103.986	NA	30.8474576271186	295
NODE_935_length_295_cov_0.386905	13.878	NA	28.135593220339	295
NODE_936_length_295_cov_0.261905	6.261	NA	30.8474576271186	295
NODE_937_length_294_cov_2.221557	23.616	NA	68.7074829931973	294
NODE_938_length_294_cov_2.053892	19.214	NA	55.7823129251701	294
NODE_939_length_294_cov_1.431138	28.276	NA	36.734693877551	294
NODE_93_length_91099_cov_17.945786	135.305333333333	23	52.6021141834707	91099
NODE_940_length_294_cov_1.365269	31.701	NA	25.5102040816327	294
NODE_941_length_294_cov_1.227545	37.221	NA	25.8503401360544	294
NODE_942_length_294_cov_1.041916	17.704	NA	49.3197278911565	294
NODE_943_length_294_cov_0.652695	18.136	NA	21.0884353741497	294
NODE_944_length_294_cov_0.610778	9.874	NA	12.2448979591837	294
NODE_945_length_294_cov_0.538922	2.034	NA	40.8163265306122	294
NODE_946_length_294_cov_0.443114	30.429	NA	26.530612244898	294
NODE_947_length_294_cov_0.371257	9.259	NA	59.1836734693878	294
NODE_948_length_293_cov_14.180723	55.195	NA	57.679180887372	293
NODE_949_length_293_cov_1.319277	44.283	NA	48.8054607508532	293
NODE_94_length_90991_cov_17.685816	133.004555555556	23	51.7930344759372	90991
NODE_950_length_293_cov_1.277108	43.669	NA	21.160409556314	293
NODE_951_length_293_cov_1.090361	22.751	NA	20.4778156996587	293
NODE_952_length_293_cov_0.993976	27.57	NA	26.6211604095563	293
NODE_953_length_293_cov_0.759036	28.113	NA	50.5119453924915	293
NODE_954_length_293_cov_0.704819	26.655	NA	27.6450511945392	293
NODE_955_length_293_cov_0.686747	7.287	NA	24.9146757679181	293
NODE_956_length_293_cov_0.614458	32.645	NA	28.6689419795222	293
NODE_957_length_293_cov_0.554217	2.048	NA	63.1399317406143	293
NODE_958_length_293_cov_0.415663	28.386	NA	28.6689419795222	293
NODE_959_length_293_cov_0.337349	11.689	NA	27.9863481228669	293
NODE_95_length_90592_cov_18.104438	133.969777777778	23	52.1977658071353	90592
NODE_960_length_293_cov_0.271084	3.935	NA	19.7952218430034	293
NODE_961_length_293_cov_0.271084	1.601	NA	64.1638225255973	293
NODE_962_length_293_cov_0.265060	1.962	NA	31.3993174061433	293
NODE_963_length_292_cov_73.727273	41.959	NA	51.027397260274	292
NODE_964_length_292_cov_20.818182	35.349	NA	58.2191780821918	292
NODE_965_length_292_cov_2.945455	54.534	NA	34.9315068493151	292
NODE_966_length_292_cov_2.490909	49.894	NA	26.7123287671233	292
NODE_967_length_292_cov_1.545455	34.61	NA	14.041095890411	292
NODE_968_length_292_cov_0.975758	35.562	NA	31.1643835616438	292
NODE_969_length_292_cov_0.727273	40.322	NA	23.972602739726	292
NODE_96_length_88695_cov_17.870687	134.4635	23	53.8846609166244	88695
NODE_970_length_292_cov_0.551515	2.055	NA	42.8082191780822	292
NODE_971_length_292_cov_0.527273	40.435	NA	31.1643835616438	292
NODE_972_length_292_cov_0.496970	38.14	NA	21.5753424657534	292
NODE_973_length_292_cov_0.412121	8.377	NA	25.3424657534247	292
NODE_974_length_292_cov_0.412121	134.435	NA	61.6438356164384	292
NODE_975_length_292_cov_0.381818	23.229	NA	26.7123287671233	292
NODE_976_length_292_cov_0.363636	13.469	NA	27.3972602739726	292
NODE_977_length_292_cov_0.272727	4.137	NA	36.6438356164384	292
NODE_978_length_292_cov_0.127273	1.411	NA	66.4383561643836	292
NODE_979_length_291_cov_52.329268	463.347	NA	48.1099656357388	291
NODE_97_length_88341_cov_18.521119	136.13075	23	53.9172071857914	88341
NODE_980_length_291_cov_2.829268	46.804	NA	28.1786941580756	291
NODE_981_length_291_cov_2.207317	39.832	NA	60.1374570446735	291
NODE_982_length_291_cov_2.164634	25.969	NA	60.4810996563574	291
NODE_983_length_291_cov_1.481707	28.777	NA	28.1786941580756	291
NODE_984_length_291_cov_1.426829	20.464	NA	50.1718213058419	291
NODE_985_length_291_cov_1.359756	44.88	NA	22.3367697594502	291
NODE_986_length_291_cov_1.317073	20.299	NA	25.4295532646048	291
NODE_987_length_291_cov_0.823171	17.443	NA	28.1786941580756	291
NODE_988_length_291_cov_0.719512	16.718	NA	67.3539518900344	291
NODE_989_length_291_cov_0.695122	28.704	NA	51.5463917525773	291
NODE_98_length_88102_cov_18.055550	134.3575	23	54.6729926675898	88102
NODE_990_length_291_cov_0.609756	43.598	NA	58.7628865979381	291
NODE_991_length_291_cov_0.554878	11.021	NA	53.2646048109966	291
NODE_992_length_291_cov_0.420732	1.546	NA	50.8591065292096	291
NODE_993_length_291_cov_0.323171	5.296	NA	21.9931271477663	291
NODE_994_length_291_cov_0.207317	2.062	NA	31.9587628865979	291
NODE_995_length_291_cov_0.189024	1.402	NA	48.4536082474227	291
NODE_996_length_290_cov_1.018405	35.931	NA	18.9655172413793	290
NODE_997_length_290_cov_0.950920	45.979	NA	29.3103448275862	290
NODE_998_length_290_cov_0.865031	20.838	NA	24.4827586206897	290
NODE_999_length_290_cov_0.773006	30.659	NA	26.551724137931	290
NODE_99_length_85317_cov_17.949795	134.835875	23	52.0951275830139	85317
NODE_9_length_294766_cov_17.628573	133.214862068966	23	53.2076291024067	294766
