contig_id	mean_contig_cov	cluster_id	nucl_freq.gc	length
NODE_1000_length_128_cov_13.000000	0	NA	29.6875	128
NODE_1001_length_128_cov_12.000000	0	NA	29.6875	128
NODE_1002_length_128_cov_10.000000	1.547	NA	56.25	128
NODE_1003_length_128_cov_10.000000	1.359	NA	35.15625	128
NODE_1004_length_128_cov_9.000000	2.367	NA	35.9375	128
NODE_1005_length_128_cov_6.000000	5.172	NA	51.5625	128
NODE_1006_length_128_cov_6.000000	1.484	NA	54.6875	128
NODE_1007_length_128_cov_5.000000	0.969	NA	44.53125	128
NODE_1008_length_128_cov_4.000000	3.188	NA	62.5	128
NODE_1009_length_128_cov_3.000000	1.172	NA	44.53125	128
NODE_100_length_137075_cov_35.035050	304.941846153846	26	53.433521794638	137075
NODE_1010_length_128_cov_3.000000	1.938	NA	50.78125	128
NODE_101_length_135353_cov_35.327370	304.519923076923	26	53.9803329072869	135353
NODE_102_length_132963_cov_35.069492	302.312692307692	26	54.1594278107443	132963
NODE_103_length_132563_cov_35.769149	309.115	26	53.2011194677248	132563
NODE_104_length_131768_cov_36.115177	311.489307692308	26	52.7798858599964	131768
NODE_105_length_131688_cov_35.891047	311.327692307692	26	51.8627361642671	131688
NODE_106_length_130430_cov_35.784111	308.196769230769	26	53.1587824886913	130430
NODE_107_length_128670_cov_35.677439	307.180916666667	26	54.1649180073055	128670
NODE_108_length_127453_cov_35.879860	309.6645	26	52.4201078044456	127453
NODE_109_length_126934_cov_36.141767	309.82225	26	51.9561346841666	126934
NODE_10_length_544965_cov_35.589805	306.210277777778	26	53.4582954868661	544965
NODE_110_length_126368_cov_36.822348	317.809083333333	26	51.256647252469	126368
NODE_111_length_126026_cov_35.733953	307.988666666667	26	53.2056877152334	126026
NODE_112_length_125444_cov_35.881014	308.901666666667	26	53.5442109626606	125444
NODE_113_length_123935_cov_35.679528	304.70575	26	53.5732440392141	123935
NODE_114_length_123608_cov_35.971672	310.6055	26	53.0362112484629	123608
NODE_115_length_118396_cov_35.438382	305.586727272727	26	53.7509713165985	118396
NODE_116_length_117655_cov_35.515324	306.803090909091	26	52.5494029153032	117655
NODE_117_length_116429_cov_35.818610	306.193454545455	26	53.2015219575879	116429
NODE_118_length_111499_cov_35.203534	304.480818181818	26	54.0829962600561	111499
NODE_119_length_110969_cov_36.093692	308.684454545455	26	52.3912083554867	110969
NODE_11_length_445223_cov_34.970355	302.175386363636	26	53.935443586697	445223
NODE_120_length_110778_cov_36.756694	316.262181818182	26	52.3488418277997	110778
NODE_121_length_109688_cov_35.891266	306.7424	26	52.7897308730217	109688
NODE_122_length_109668_cov_36.553610	311.7371	26	51.6376700587227	109668
NODE_123_length_109372_cov_34.899941	301.4712	26	54.6510990015726	109372
NODE_124_length_107577_cov_35.781154	308.2831	26	52.8179815388048	107577
NODE_125_length_107563_cov_35.471853	305.6377	26	54.0427470412688	107563
NODE_126_length_105925_cov_35.814335	308.9216	26	53.4774604673118	105925
NODE_127_length_105497_cov_36.256857	312.3848	26	52.4450932253998	105497
NODE_128_length_103680_cov_36.917424	314.6997	26	51.4168595679012	103680
NODE_129_length_101699_cov_36.747204	316.8724	26	51.778286905476	101699
NODE_12_length_418597_cov_35.630050	306.178195121951	26	53.5369340917398	418597
NODE_130_length_100932_cov_34.901096	301.9278	26	53.6291760789442	100932
NODE_131_length_99787_cov_36.929159	315.469777777778	26	52.3224468117089	99787
NODE_132_length_98994_cov_36.310397	313.096888888889	26	52.59611693638	98994
NODE_133_length_98823_cov_34.570084	299.759444444444	26	54.8627343836961	98823
NODE_134_length_96956_cov_36.329653	312.835555555556	26	51.6244482033087	96956
NODE_135_length_96392_cov_36.093617	308.682555555556	26	51.4710764378787	96392
NODE_136_length_94768_cov_35.259972	302.482444444444	26	54.3801705216951	94768
NODE_137_length_92771_cov_36.038016	309.919777777778	26	52.7923596813659	92771
NODE_138_length_92650_cov_35.343785	304.567111111111	26	53.3189422558014	92650
NODE_139_length_91316_cov_36.452598	313.761777777778	26	52.2723290551492	91316
NODE_13_length_413287_cov_35.301711	305.280682926829	26	53.595201397576	413287
NODE_140_length_91143_cov_36.400380	315.119555555556	26	51.8975675586715	91143
NODE_141_length_90887_cov_36.421959	312.606555555556	26	51.8038883448678	90887
NODE_142_length_90795_cov_35.704482	310.088777777778	26	52.7132551351947	90795
NODE_143_length_90779_cov_36.362066	311.766222222222	26	51.8236596569691	90779
NODE_144_length_89646_cov_36.583954	314.208375	26	51.5115007920041	89646
NODE_145_length_89096_cov_35.580033	308.522125	26	53.3570530663554	89096
NODE_146_length_88212_cov_37.551842	320.427375	26	50.122432322133	88212
NODE_147_length_88186_cov_36.029140	309.58875	26	53.0072800671308	88186
NODE_148_length_87496_cov_35.917705	311.094125	26	53.10528481302	87496
NODE_149_length_86991_cov_36.444396	313.349875	26	52.3916267200055	86991
NODE_14_length_402497_cov_35.704143	307.8204	26	53.0120721396681	402497
NODE_150_length_86689_cov_34.210681	297.544	26	54.2744754236408	86689
NODE_151_length_85836_cov_35.687967	309.836375	26	52.8903956381938	85836
NODE_152_length_83263_cov_35.954472	307.59475	26	52.7305045458367	83263
NODE_153_length_82220_cov_35.425432	303.59725	26	53.2546825589881	82220
NODE_154_length_82164_cov_35.270378	304.244875	26	54.0674748064846	82164
NODE_155_length_81846_cov_35.586522	304.225875	26	53.1485961439777	81846
NODE_156_length_80511_cov_35.981066	311.071	26	52.0823241544634	80511
NODE_157_length_79642_cov_36.341319	312.234857142857	26	52.776173375857	79642
NODE_158_length_79445_cov_35.562647	304.943571428571	26	52.811378941406	79445
NODE_159_length_78808_cov_34.897866	302.413714285714	26	54.5160389808141	78808
NODE_15_length_401819_cov_35.272575	303.057475	26	54.2450705417116	401819
NODE_160_length_78276_cov_36.854854	319.414857142857	26	50.6055495937452	78276
NODE_161_length_77188_cov_34.960434	297.697857142857	26	54.4747888272789	77188
NODE_162_length_75277_cov_35.307292	303.241142857143	26	54.1241016512348	75277
NODE_163_length_74981_cov_35.265423	304.253571428571	26	54.0670303143463	74981
NODE_164_length_74622_cov_35.606833	306.047285714286	26	54.3512637023934	74622
NODE_165_length_73744_cov_36.572300	314.647	26	50.8841397266218	73744
NODE_166_length_73131_cov_35.780231	307.499571428571	26	53.3344272606692	73131
NODE_167_length_72938_cov_39.907184	330.369571428571	26	45.4454468178453	72938
NODE_168_length_71730_cov_35.078572	302.276857142857	26	54.8710441935034	71730
NODE_169_length_71709_cov_36.152622	309.298	26	52.8273996290563	71709
NODE_16_length_395097_cov_36.253548	311.075205128205	26	51.5020362088297	395097
NODE_170_length_70375_cov_35.606622	307.407714285714	26	52.8710479573712	70375
NODE_171_length_69222_cov_34.892076	301.604333333333	26	54.9420704400335	69222
NODE_172_length_69021_cov_36.578236	314.013833333333	26	52.1232668318338	69021
NODE_173_length_68216_cov_34.853236	303.186833333333	26	54.1735076814823	68216
NODE_174_length_67578_cov_34.702436	298.597166666667	26	55.5624611559975	67578
NODE_175_length_65913_cov_35.103411	299.3435	26	53.8573574256975	65913
NODE_176_length_65580_cov_36.185599	310.177333333333	26	51.6407441293077	65580
NODE_177_length_65541_cov_36.705736	318.030666666667	26	51.1298271311088	65541
NODE_178_length_65060_cov_35.860194	305.902333333333	26	52.9188441438672	65060
NODE_179_length_64078_cov_35.511548	306.274333333333	26	51.6542339024314	64078
NODE_17_length_392596_cov_35.600733	307.198205128205	26	53.3011034243854	392596
NODE_180_length_64045_cov_35.469273	305.606833333333	26	52.4131470060114	64045
NODE_181_length_63016_cov_35.618296	308.423166666667	26	52.6945537641234	63016
NODE_182_length_59529_cov_35.442780	305.1286	26	54.3432612676175	59529
NODE_183_length_58853_cov_35.872101	306.6786	26	52.2471241907804	58853
NODE_184_length_58699_cov_36.046268	308.2084	26	53.7300465084584	58699
NODE_185_length_57452_cov_40.206559	331.9696	21	39.8523985239852	57452
NODE_186_length_57214_cov_34.525514	300.9392	26	53.1688048379767	57214
NODE_187_length_57016_cov_34.677846	298.269	26	54.2865160656658	57016
NODE_188_length_55342_cov_35.046600	301.941	26	54.3890715911966	55342
NODE_189_length_55313_cov_36.633748	316.6262	26	52.4198651311627	55313
NODE_18_length_377935_cov_35.678223	308.575567567568	26	53.097754904944	377935
NODE_190_length_54852_cov_34.894070	302.6818	26	53.8995843360315	54852
NODE_191_length_54657_cov_35.164570	302.6632	26	52.6794372175568	54657
NODE_192_length_54052_cov_34.735651	302.4294	26	55.1209945977947	54052
NODE_193_length_51413_cov_36.401747	312.9926	26	52.008246941435	51413
NODE_194_length_51351_cov_35.871096	307.035	26	53.6873673346186	51351
NODE_195_length_51285_cov_35.942785	305.8234	26	52.5533781807546	51285
NODE_196_length_50477_cov_35.899921	306.835	26	51.9226578441667	50477
NODE_197_length_49882_cov_36.063994	314.3405	26	52.6522593320236	49882
NODE_198_length_49493_cov_37.557995	319.01775	26	50.7000990038995	49493
NODE_199_length_48363_cov_35.987022	309.36925	26	52.6642267849389	48363
NODE_19_length_375995_cov_36.215020	310.332243243243	26	52.6517639862232	375995
NODE_1_length_1041389_cov_35.746747	308.944644230769	26	53.3617120979768	1041389
NODE_200_length_48051_cov_33.334404	289.46	26	56.2922727934902	48051
NODE_201_length_46451_cov_35.725866	308.69875	26	52.670556069837	46451
NODE_202_length_45818_cov_35.174192	303.0865	26	54.2668820114366	45818
NODE_203_length_44984_cov_35.407339	307.6505	26	52.7431975813623	44984
NODE_204_length_43699_cov_34.709194	297.45775	26	54.827341586764	43699
NODE_205_length_42780_cov_34.884885	300.89	26	54.041608228144	42780
NODE_206_length_42477_cov_37.695112	319.34125	26	49.907008498717	42477
NODE_207_length_42060_cov_36.939141	317.02475	26	50.4469805040418	42060
NODE_208_length_41339_cov_35.742648	308.267	26	52.679068192264	41339
NODE_209_length_40962_cov_33.786360	288.72675	26	55.8346760412089	40962
NODE_20_length_375228_cov_35.208890	303.614567567568	26	53.802488087243	375228
NODE_210_length_40909_cov_36.169021	311.3865	26	53.6092302427339	40909
NODE_211_length_40749_cov_37.699055	324.776	26	47.7336867162384	40749
NODE_212_length_40575_cov_34.974609	301.80775	26	53.7523105360444	40575
NODE_213_length_40476_cov_33.478550	288.71125	28	55.2772013044767	40476
NODE_214_length_40102_cov_35.238799	308.33225	26	51.5834621714628	40102
NODE_215_length_39771_cov_35.084048	304.784	26	53.2775137663121	39771
NODE_216_length_39418_cov_36.941997	310.164	26	49.1450606321985	39418
NODE_217_length_38814_cov_38.009719	325.533333333333	26	48.1991034162931	38814
NODE_218_length_37544_cov_37.188631	312.930666666667	26	49.7629448114213	37544
NODE_219_length_36767_cov_34.755895	300.464	26	55.6939646966029	36767
NODE_21_length_371677_cov_35.699050	308.348351351351	26	52.5811389997229	371677
NODE_220_length_36701_cov_245.754798	2799.14833333333	26	54.7423775918912	36701
NODE_221_length_36212_cov_36.274214	311.319666666667	26	50.9941455870982	36212
NODE_222_length_34906_cov_36.878202	315.863	26	52.1400332321091	34906
NODE_223_length_33933_cov_36.250222	311.894666666667	26	52.83647187104	33933
NODE_224_length_33299_cov_34.603521	297.705	26	55.7884621159795	33299
NODE_225_length_33133_cov_37.245380	320.599666666667	26	50.5025201460779	33133
NODE_226_length_32925_cov_36.340173	310.744333333333	28	50.7881548974943	32925
NODE_227_length_32628_cov_35.933910	308.736333333333	26	53.1690572514405	32628
NODE_228_length_32542_cov_35.128922	305.513333333333	26	52.08960727675	32542
NODE_229_length_32130_cov_35.954785	306.923666666667	26	51.6339869281046	32130
NODE_22_length_360651_cov_36.300820	312.553611111111	26	52.5186399039515	360651
NODE_230_length_30516_cov_37.218368	322.208333333333	26	51.4779132258487	30516
NODE_231_length_29774_cov_36.936790	317.074	26	50.3593739504265	29774
NODE_232_length_29221_cov_34.602117	293.3995	26	54.5669210499298	29221
NODE_233_length_29192_cov_35.900946	310.0655	26	51.0619347766511	29192
NODE_234_length_28681_cov_36.602367	309.953	26	51.6055925525609	28681
NODE_235_length_28407_cov_35.883098	306.239	26	53.5818636251628	28407
NODE_236_length_28345_cov_34.462683	300.3125	26	53.7131769271476	28345
NODE_237_length_27587_cov_36.198944	311.674	26	53.1373473012651	27587
NODE_238_length_27551_cov_912.478996	7366.9245	21	24.35846248775	27551
NODE_239_length_26696_cov_35.592269	302.948	26	53.5211267605634	26696
NODE_23_length_352731_cov_35.683452	308.536571428571	26	53.3845905236568	352731
NODE_240_length_25569_cov_36.358855	311.39	26	52.9312839766905	25569
NODE_241_length_25383_cov_35.987884	307.9665	28	52.0151282354332	25383
NODE_242_length_25157_cov_35.843827	305.164	26	52.2876336606114	25157
NODE_243_length_25124_cov_34.334840	296.851	26	54.9156185320809	25124
NODE_244_length_24918_cov_34.200194	303.1445	7	49.3578938919656	24918
NODE_245_length_24715_cov_35.699732	306.5115	26	53.0932632004855	24715
NODE_246_length_24679_cov_37.589280	322.4545	26	50.3342923133028	24679
NODE_247_length_24675_cov_35.552876	302.914	26	52.4133738601824	24675
NODE_248_length_24529_cov_34.053192	290.157	26	54.6495984345061	24529
NODE_249_length_24213_cov_36.466204	312.567	26	52.1207615743609	24213
NODE_24_length_351294_cov_36.580883	311.914457142857	26	51.3381953577345	351294
NODE_250_length_23742_cov_36.142621	307.817	28	50.5938842557493	23742
NODE_251_length_23478_cov_34.960815	298.069	26	54.9407956384701	23478
NODE_252_length_23226_cov_35.502619	305.841	26	53.2205287178162	23226
NODE_253_length_23212_cov_35.987005	305.6	26	52.3694640703085	23212
NODE_254_length_23073_cov_35.401769	300.6205	26	53.3263988211329	23073
NODE_255_length_22249_cov_37.856206	323.1465	26	50.3483302620342	22249
NODE_256_length_21731_cov_45.968478	351.14	21	23.477980764806	21731
NODE_257_length_20363_cov_33.886144	296.4895	26	54.2552669056622	20363
NODE_258_length_19563_cov_39.946954	337.129	26	48.2748044778408	19563
NODE_259_length_19488_cov_35.659367	310.431	26	50.2257799671593	19488
NODE_25_length_343253_cov_35.214854	304.080264705882	26	54.2821184374208	343253
NODE_260_length_18821_cov_34.703274	298.884	26	54.3701184846714	18821
NODE_261_length_18798_cov_37.953082	318.795	26	51.0745824023832	18798
NODE_262_length_18651_cov_34.563269	295.726	26	55.08015655997	18651
NODE_263_length_18587_cov_36.622156	322.337	7	49.2440953354495	18587
NODE_264_length_17456_cov_36.071729	308.261	28	49.7536663611366	17456
NODE_265_length_17419_cov_38.853863	327.537	26	50.1923187324186	17419
NODE_266_length_16466_cov_36.160047	310.199	26	52.1377383699745	16466
NODE_267_length_16066_cov_36.429513	310.542	26	52.8756379932777	16066
NODE_268_length_15673_cov_34.707963	297.931	26	54.0738850252026	15673
NODE_269_length_15637_cov_35.959961	308.317	26	51.3397710558291	15637
NODE_26_length_335801_cov_36.093576	310.430151515152	26	52.3586886280863	335801
NODE_270_length_15307_cov_36.970619	314.367	26	53.0345593519305	15307
NODE_271_length_14609_cov_46.867214	367.87	21	30.6865630775549	14609
NODE_272_length_14078_cov_37.540320	315.279	26	49.7300752947862	14078
NODE_273_length_14042_cov_35.408839	302.909	26	51.4456630109671	14042
NODE_274_length_13816_cov_37.593104	319.337	26	48.9070642733063	13816
NODE_275_length_13461_cov_35.687716	307.381	26	51.9055047916202	13461
NODE_276_length_12982_cov_35.369973	306.545	26	52.6190109382222	12982
NODE_277_length_12729_cov_34.047770	292.835	26	54.2304972896535	12729
NODE_278_length_12370_cov_38.180593	318.281	28	47.5828617623282	12370
NODE_279_length_11853_cov_47.765820	360.478	21	22.424702606935	11853
NODE_27_length_331065_cov_36.023624	310.211848484848	26	53.0593690060864	331065
NODE_280_length_10228_cov_35.069993	301.474	26	52.5127102072741	10228
NODE_281_length_9883_cov_36.037003	303.938	28	50.6323990691086	9883
NODE_282_length_8936_cov_36.132365	311.111	3	44.9641897940913	8936
NODE_283_length_8806_cov_43.788109	349.34	13	44.7081535316829	8806
NODE_284_length_7271_cov_35.445969	298.823	26	52.1386329253198	7271
NODE_285_length_7219_cov_34.920474	301.411	26	50.2285635129519	7219
NODE_286_length_7080_cov_36.023875	307.89	26	53.1214689265537	7080
NODE_287_length_5931_cov_33.979841	303.753	26	50.0590119709998	5931
NODE_288_length_5761_cov_36.607206	307.126	26	51.6229821211595	5761
NODE_289_length_5359_cov_34.061353	292.023	26	51.7074080985258	5359
NODE_28_length_331057_cov_35.865089	309.143	26	52.2668301833219	331057
NODE_290_length_5063_cov_37.063006	310.282	28	49.3778392257555	5063
NODE_291_length_4632_cov_184.509212	1529.4	19	54.339378238342	4632
NODE_292_length_4197_cov_35.696806	314.979	4	47.152728139147	4197
NODE_293_length_4137_cov_38.407980	316.454	13	44.0899202320522	4137
NODE_294_length_3926_cov_34.555409	287.566	18	53.9735099337748	3926
NODE_295_length_3857_cov_34.179893	288.565	3	52.2686025408348	3857
NODE_296_length_3347_cov_33.844099	282.912	8	57.3648043023603	3347
NODE_297_length_3217_cov_32.376052	281.699	3	53.3727074914517	3217
NODE_298_length_3124_cov_88.320988	640.699	21	18.2458386683739	3124
NODE_299_length_2818_cov_36.760312	295.946	28	49.1838183108588	2818
NODE_29_length_328534_cov_35.694379	307.7123125	26	53.078828979649	328534
NODE_2_length_829609_cov_35.587657	307.258658536585	26	53.6191145467323	829609
NODE_300_length_2702_cov_28.326602	252.457	1	60.3626943005181	2702
NODE_301_length_2660_cov_36.202921	333.868	21	29.6992481203008	2660
NODE_302_length_2660_cov_36.030004	336.531	21	31.0902255639098	2660
NODE_303_length_2553_cov_35.129843	289.918	25	52.1739130434783	2553
NODE_304_length_2505_cov_29.269975	243.601	9	59.4011976047904	2505
NODE_305_length_2264_cov_34.855873	289.928	13	46.643109540636	2264
NODE_306_length_2177_cov_31.341463	273.088	7	47.8180983004134	2177
NODE_307_length_2019_cov_42.095137	331.637	5	43.7345220406142	2019
NODE_308_length_1808_cov_32.888757	292.779	13	40.9845132743363	1808
NODE_309_length_1718_cov_196.089252	1548.029	17	55.9371362048894	1718
NODE_30_length_311827_cov_34.563686	299.129935483871	26	55.0661103753043	311827
NODE_310_length_1648_cov_36.519395	272.738	22	58.3131067961165	1648
NODE_311_length_1524_cov_37.079456	279.594	13	54.002624671916	1524
NODE_312_length_1492_cov_25.808059	281.818	21	27.2117962466488	1492
NODE_313_length_1468_cov_37.087994	269.337	21	30.7901907356948	1468
NODE_314_length_1466_cov_36.170276	292.693	12	49.2496589358799	1466
NODE_315_length_1412_cov_69.463813	536.781	14	53.328611898017	1412
NODE_316_length_1392_cov_36.384190	285.747	5	54.6695402298851	1392
NODE_317_length_1372_cov_28.958233	290.34	21	27.1137026239067	1372
NODE_318_length_1305_cov_25.270798	231.401	3	54.7126436781609	1305
NODE_319_length_1299_cov_33.214164	255.433	11	54.5034642032333	1299
NODE_31_length_308532_cov_35.328957	306.903933333333	26	52.8891654674394	308532
NODE_320_length_1298_cov_172.636208	1300.646	20	52.0030816640986	1298
NODE_321_length_1172_cov_32.021053	231.12	3	49.9146757679181	1172
NODE_322_length_1163_cov_33.575290	259.019	5	48.5812553740327	1163
NODE_323_length_854_cov_26.801926	216.042	NA	53.1615925058548	854
NODE_324_length_836_cov_33.833568	222.398	NA	55.0239234449761	836
NODE_325_length_820_cov_79.129870	639.957	NA	23.780487804878	820
NODE_326_length_657_cov_20.488679	168.875	NA	56.3165905631659	657
NODE_327_length_614_cov_74.885010	393.192	NA	53.257328990228	614
NODE_328_length_570_cov_95.753950	307.296	NA	50.5263157894737	570
NODE_329_length_529_cov_68.527363	442.427	NA	55.3875236294896	529
NODE_32_length_299690_cov_35.285382	304.819931034483	26	53.5766959191164	299690
NODE_330_length_441_cov_12.254777	176.744	NA	34.6938775510204	441
NODE_331_length_419_cov_135.034247	627.974	NA	63.2458233890215	419
NODE_332_length_412_cov_0.835088	3.66	NA	61.8932038834951	412
NODE_333_length_373_cov_63.170732	233.456	NA	59.7855227882038	373
NODE_334_length_363_cov_0.550847	2.488	NA	44.0771349862259	363
NODE_335_length_354_cov_6.444934	78.986	NA	51.6949152542373	354
NODE_336_length_342_cov_0.409302	1.743	NA	40.9356725146199	342
NODE_337_length_338_cov_4.625592	88.411	NA	31.0650887573964	338
NODE_338_length_336_cov_53.550239	199.952	NA	65.7738095238095	336
NODE_339_length_332_cov_0.541463	1.855	NA	31.6265060240964	332
NODE_33_length_295327_cov_35.594871	306.158586206897	26	53.3327464132978	295327
NODE_340_length_332_cov_0.175610	20.398	NA	32.5301204819277	332
NODE_341_length_331_cov_0.686275	4.293	NA	44.7129909365559	331
NODE_342_length_330_cov_1.167488	5.964	NA	30.3030303030303	330
NODE_343_length_330_cov_0.261084	2.573	NA	40.9090909090909	330
NODE_344_length_326_cov_19.527638	140.218	NA	28.2208588957055	326
NODE_345_length_316_cov_1.486772	556.842	NA	55.6962025316456	316
NODE_346_length_315_cov_1.468085	8.086	NA	52.6984126984127	315
NODE_347_length_313_cov_0.892473	92.665	NA	27.7955271565495	313
NODE_348_length_311_cov_1.706522	3.977	NA	56.5916398713826	311
NODE_349_length_306_cov_0.653631	3.856	NA	50.9803921568627	306
NODE_34_length_293815_cov_35.550492	307.291	26	53.5125844493984	293815
NODE_350_length_304_cov_0.949153	4.776	NA	25	304
NODE_351_length_303_cov_2.215909	12.518	NA	37.953795379538	303
NODE_352_length_303_cov_0.539773	65.851	NA	56.4356435643564	303
NODE_353_length_302_cov_1.068571	120.983	NA	52.9801324503311	302
NODE_354_length_302_cov_0.554286	133.185	NA	64.2384105960265	302
NODE_355_length_302_cov_0.394286	5.01	NA	26.8211920529801	302
NODE_356_length_301_cov_1.224138	8.718	NA	54.1528239202658	301
NODE_357_length_301_cov_0.948276	9.701	NA	43.1893687707641	301
NODE_358_length_301_cov_0.448276	1.904	NA	20.265780730897	301
NODE_359_length_300_cov_6.005780	6.567	NA	47.6666666666667	300
NODE_35_length_287622_cov_36.304777	312.932714285714	26	52.919456787033	287622
NODE_360_length_298_cov_1.216374	6.547	NA	52.6845637583893	298
NODE_361_length_295_cov_11.928571	118.359	NA	29.8305084745763	295
NODE_362_length_295_cov_0.779762	106.112	NA	61.3559322033898	295
NODE_363_length_293_cov_1.265060	3.959	NA	30.0341296928328	293
NODE_364_length_293_cov_0.626506	6.491	NA	38.5665529010239	293
NODE_365_length_292_cov_0.581818	5.007	NA	45.5479452054795	292
NODE_366_length_292_cov_0.145455	1	NA	30.8219178082192	292
NODE_367_length_291_cov_0.719512	19.557	NA	36.0824742268041	291
NODE_368_length_291_cov_0.335366	3.117	NA	43.9862542955326	291
NODE_369_length_290_cov_0.631902	1.876	NA	41.0344827586207	290
NODE_36_length_284795_cov_35.808770	308.8305	26	53.2368896925859	284795
NODE_370_length_290_cov_0.576687	2.076	NA	41.7241379310345	290
NODE_371_length_290_cov_0.460123	29.321	NA	55.5172413793103	290
NODE_372_length_289_cov_0.617284	19.886	NA	53.2871972318339	289
NODE_373_length_289_cov_0.592593	4.076	NA	48.4429065743945	289
NODE_374_length_288_cov_0.596273	7.326	NA	57.9861111111111	288
NODE_375_length_288_cov_0.590062	4.288	NA	68.75	288
NODE_376_length_287_cov_0.600000	2.105	NA	31.0104529616725	287
NODE_377_length_287_cov_0.562500	2.084	NA	52.2648083623693	287
NODE_378_length_286_cov_1.207547	4.825	NA	56.2937062937063	286
NODE_379_length_286_cov_0.603774	2.112	NA	42.6573426573427	286
NODE_37_length_284487_cov_36.016542	311.482571428571	26	52.8031157838495	284487
NODE_380_length_286_cov_0.408805	6.58	NA	53.1468531468531	286
NODE_381_length_285_cov_0.607595	7.347	NA	52.9824561403509	285
NODE_382_length_285_cov_0.297468	2.909	NA	46.6666666666667	285
NODE_383_length_284_cov_0.955414	2200.056	NA	67.2535211267606	284
NODE_384_length_284_cov_0.337580	0.81	NA	18.3098591549296	284
NODE_385_length_284_cov_0.267516	2.553	NA	57.3943661971831	284
NODE_386_length_284_cov_0.222930	1.06	NA	26.056338028169	284
NODE_387_length_283_cov_0.743590	16.657	NA	21.5547703180212	283
NODE_388_length_283_cov_0.615385	4.954	NA	59.0106007067138	283
NODE_389_length_283_cov_0.608974	2.134	NA	59.0106007067138	283
NODE_38_length_281392_cov_35.620095	308.103071428571	26	53.1042104963894	281392
NODE_390_length_283_cov_0.602564	6.389	NA	54.0636042402827	283
NODE_391_length_283_cov_0.519231	2.495	NA	42.0494699646643	283
NODE_392_length_282_cov_0.606452	2.135	NA	39.3617021276596	282
NODE_393_length_282_cov_0.593548	15.142	NA	57.4468085106383	282
NODE_394_length_281_cov_0.610390	3.907	NA	61.5658362989324	281
NODE_395_length_281_cov_0.311688	1.075	NA	58.7188612099644	281
NODE_396_length_281_cov_0.311688	1.075	NA	50.8896797153025	281
NODE_397_length_280_cov_1.320261	17.207	NA	26.4285714285714	280
NODE_398_length_280_cov_0.941176	9.671	NA	30	280
NODE_399_length_280_cov_0.627451	7.621	NA	64.6428571428571	280
NODE_39_length_277780_cov_35.327693	304.499259259259	26	53.1496148030816	277780
NODE_3_length_642838_cov_35.685576	308.3354375	26	53.5641950226962	642838
NODE_400_length_280_cov_0.627451	4.279	NA	45.3571428571429	280
NODE_401_length_280_cov_0.627451	2.157	NA	42.8571428571429	280
NODE_402_length_280_cov_0.601307	6.664	NA	57.5	280
NODE_403_length_280_cov_0.385621	14.957	NA	68.2142857142857	280
NODE_404_length_280_cov_0.313725	1.079	NA	60.3571428571429	280
NODE_405_length_280_cov_0.313725	1.079	NA	60.3571428571429	280
NODE_406_length_279_cov_0.631579	3.663	NA	48.3870967741936	279
NODE_407_length_279_cov_0.618421	4.774	NA	52.6881720430108	279
NODE_408_length_279_cov_0.407895	1.509	NA	36.5591397849462	279
NODE_409_length_279_cov_0.315789	1.082	NA	52.6881720430108	279
NODE_40_length_273487_cov_36.297494	312.511592592593	26	52.5103569822332	273487
NODE_410_length_279_cov_0.315789	1.082	NA	60.2150537634409	279
NODE_411_length_271_cov_0.923611	8.808	NA	53.8745387453875	271
NODE_412_length_271_cov_0.618056	4.871	NA	48.7084870848708	271
NODE_413_length_268_cov_63.092199	226.884	NA	59.3283582089552	268
NODE_414_length_267_cov_0.600000	6.318	NA	47.5655430711611	267
NODE_415_length_266_cov_0.187050	2.218	NA	59.3984962406015	266
NODE_416_length_262_cov_79.666667	379.16	NA	46.9465648854962	262
NODE_417_length_262_cov_0.681481	5.363	NA	36.6412213740458	262
NODE_418_length_261_cov_63.238806	281.253	NA	47.5095785440613	261
NODE_419_length_261_cov_0.246269	5.916	NA	52.8735632183908	261
NODE_41_length_270963_cov_35.780214	307.831296296296	26	53.5504847525308	270963
NODE_420_length_258_cov_74.961832	213.469	NA	24.8062015503876	258
NODE_421_length_258_cov_0.145038	1.085	NA	59.3023255813954	258
NODE_422_length_256_cov_2.341085	2.039	NA	58.984375	256
NODE_423_length_255_cov_3.671875	7.129	NA	60.3921568627451	255
NODE_424_length_254_cov_5.291339	125.63	NA	38.1889763779528	254
NODE_425_length_253_cov_3.261905	8.597	NA	48.6166007905138	253
NODE_426_length_253_cov_0.634921	5.249	NA	55.3359683794466	253
NODE_427_length_253_cov_0.515873	21.055	NA	55.7312252964427	253
NODE_428_length_253_cov_0.452381	11.549	NA	55.3359683794466	253
NODE_429_length_253_cov_0.333333	15.921	NA	56.5217391304348	253
NODE_42_length_261661_cov_36.434471	314.730576923077	26	51.8908052785857	261661
NODE_430_length_253_cov_0.230159	16.87	NA	58.102766798419	253
NODE_431_length_253_cov_0.230159	151.794	NA	45.8498023715415	253
NODE_432_length_253_cov_0.166667	10.877	NA	59.2885375494071	253
NODE_433_length_253_cov_0.150794	9.387	NA	63.2411067193676	253
NODE_434_length_252_cov_10.552000	94.444	NA	27.3809523809524	252
NODE_435_length_252_cov_5.328000	10.56	NA	47.6190476190476	252
NODE_436_length_252_cov_4.464000	12.369	NA	47.6190476190476	252
NODE_437_length_252_cov_0.232000	56.29	NA	48.8095238095238	252
NODE_438_length_251_cov_2.854839	7.12	NA	55.3784860557769	251
NODE_439_length_251_cov_2.733871	10.606	NA	52.589641434263	251
NODE_43_length_256526_cov_35.520938	306.38436	26	54.1064063681654	256526
NODE_440_length_250_cov_0.504065	8.112	NA	69.6	250
NODE_441_length_249_cov_2.172131	8.502	NA	47.3895582329317	249
NODE_442_length_249_cov_0.418033	8.61	NA	59.8393574297189	249
NODE_443_length_248_cov_2.380165	8.472	NA	50	248
NODE_444_length_247_cov_0.316667	40.344	NA	48.582995951417	247
NODE_445_length_246_cov_64.277311	227.22	NA	64.2276422764228	246
NODE_446_length_246_cov_4.647059	3.809	NA	49.1869918699187	246
NODE_447_length_246_cov_0.226891	6.846	NA	34.9593495934959	246
NODE_448_length_245_cov_1.516949	5.882	NA	36.734693877551	245
NODE_449_length_244_cov_2.025641	6.299	NA	43.8524590163934	244
NODE_44_length_254878_cov_34.945382	302.75868	26	54.6838095088631	254878
NODE_450_length_243_cov_2.465517	19.708	NA	42.3868312757202	243
NODE_451_length_242_cov_3.173913	3.975	NA	52.8925619834711	242
NODE_452_length_242_cov_2.060870	6.128	NA	49.5867768595041	242
NODE_453_length_240_cov_3.141593	23.475	NA	42.9166666666667	240
NODE_454_length_240_cov_2.681416	12.037	NA	55	240
NODE_455_length_239_cov_2.723214	20.799	NA	37.6569037656904	239
NODE_456_length_239_cov_2.714286	72.841	NA	48.9539748953975	239
NODE_457_length_239_cov_1.500000	57.368	NA	74.4769874476987	239
NODE_458_length_239_cov_1.339286	3.762	NA	50.2092050209205	239
NODE_459_length_238_cov_39.747748	186.097	NA	32.3529411764706	238
NODE_45_length_252040_cov_35.288350	302.5994	26	53.5494365973655	252040
NODE_460_length_238_cov_4.000000	10.374	NA	32.3529411764706	238
NODE_461_length_238_cov_3.909910	31.294	NA	32.3529411764706	238
NODE_462_length_238_cov_3.387387	8.45	NA	58.4033613445378	238
NODE_463_length_238_cov_3.198198	31.882	NA	74.3697478991597	238
NODE_464_length_238_cov_3.072072	4.059	NA	52.9411764705882	238
NODE_465_length_238_cov_2.144144	6.244	NA	42.436974789916	238
NODE_466_length_237_cov_12.272727	153.928	NA	31.6455696202532	237
NODE_467_length_237_cov_3.300000	35.304	NA	64.5569620253165	237
NODE_468_length_237_cov_3.236364	50.249	NA	53.1645569620253	237
NODE_469_length_236_cov_9.495413	43.869	NA	24.5762711864407	236
NODE_46_length_251689_cov_35.593146	308.44276	26	52.9999324563251	251689
NODE_470_length_236_cov_4.926606	19.907	NA	52.9661016949153	236
NODE_471_length_236_cov_4.018349	90.271	NA	36.4406779661017	236
NODE_472_length_235_cov_97.638889	254.664	NA	46.8085106382979	235
NODE_473_length_235_cov_3.916667	29.064	NA	48.936170212766	235
NODE_474_length_235_cov_3.277778	176.306	NA	26.8085106382979	235
NODE_475_length_235_cov_3.259259	7.272	NA	56.1702127659574	235
NODE_476_length_235_cov_3.046296	11.732	NA	64.6808510638298	235
NODE_477_length_235_cov_2.296296	25.672	NA	69.7872340425532	235
NODE_478_length_234_cov_2.925234	23.765	NA	35.8974358974359	234
NODE_479_length_234_cov_1.214953	22.158	NA	68.8034188034188	234
NODE_47_length_251144_cov_35.346506	305.44904	26	53.4422482719078	251144
NODE_480_length_233_cov_3.971698	101.751	NA	41.2017167381974	233
NODE_481_length_233_cov_3.150943	22.099	NA	50.2145922746781	233
NODE_482_length_233_cov_2.292453	24.348	NA	69.0987124463519	233
NODE_483_length_233_cov_1.698113	4.639	NA	66.5236051502146	233
NODE_484_length_233_cov_1.424528	3.266	NA	43.3476394849785	233
NODE_485_length_232_cov_1481.742857	5233.034	NA	64.6551724137931	232
NODE_486_length_232_cov_6.114286	127.685	NA	42.2413793103448	232
NODE_487_length_232_cov_4.323810	18.099	NA	31.0344827586207	232
NODE_488_length_232_cov_0.200000	2.284	NA	12.9310344827586	232
NODE_489_length_231_cov_3.653846	46.26	NA	42.4242424242424	231
NODE_48_length_244508_cov_36.420033	314.349166666667	26	52.0608732638605	244508
NODE_490_length_231_cov_2.057692	14.554	NA	67.5324675324675	231
NODE_491_length_230_cov_52.747573	209.391	NA	56.5217391304348	230
NODE_492_length_230_cov_4.368932	10.013	NA	48.2608695652174	230
NODE_493_length_230_cov_2.640777	42.1	NA	37.8260869565217	230
NODE_494_length_229_cov_2.882353	33.956	NA	43.2314410480349	229
NODE_495_length_229_cov_1.696078	4.755	NA	44.5414847161572	229
NODE_496_length_228_cov_4.851485	29.004	NA	40.7894736842105	228
NODE_497_length_228_cov_4.346535	7.627	NA	58.3333333333333	228
NODE_498_length_228_cov_2.801980	3.855	NA	44.7368421052632	228
NODE_499_length_227_cov_3.440000	125.322	NA	43.6123348017621	227
NODE_49_length_243785_cov_35.369883	305.03825	26	54.2830773017208	243785
NODE_4_length_613587_cov_35.217716	305.366606557377	26	53.9644744755023	613587
NODE_500_length_227_cov_2.630000	2.665	NA	44.9339207048458	227
NODE_501_length_227_cov_1.720000	4.035	NA	51.1013215859031	227
NODE_502_length_226_cov_3.828283	50.257	NA	43.8053097345133	226
NODE_503_length_226_cov_2.848485	5.243	NA	47.787610619469	226
NODE_504_length_226_cov_2.838384	15.916	NA	34.070796460177	226
NODE_505_length_225_cov_3.091837	5.409	NA	42.2222222222222	225
NODE_506_length_225_cov_2.989796	0	NA	37.3333333333333	225
NODE_507_length_225_cov_2.540816	2.667	NA	39.1111111111111	225
NODE_508_length_224_cov_2.474227	11.674	NA	41.0714285714286	224
NODE_509_length_223_cov_2.781250	4.677	NA	48.8789237668161	223
NODE_50_length_240588_cov_35.854480	309.81975	26	52.7208339568058	240588
NODE_510_length_223_cov_2.468750	31.099	NA	68.1614349775785	223
NODE_511_length_223_cov_1.520833	24.852	NA	42.6008968609865	223
NODE_512_length_222_cov_3.600000	28.045	NA	67.1171171171171	222
NODE_513_length_222_cov_1.136842	86.784	NA	39.6396396396396	222
NODE_514_length_221_cov_5.085106	4.362	NA	42.0814479638009	221
NODE_515_length_221_cov_4.042553	3.122	NA	46.606334841629	221
NODE_516_length_221_cov_2.893617	4.919	NA	48.868778280543	221
NODE_517_length_220_cov_5.354839	35.064	NA	33.6363636363636	220
NODE_518_length_220_cov_2.688172	27.495	NA	40.9090909090909	220
NODE_519_length_220_cov_2.526882	1.977	NA	45	220
NODE_51_length_234951_cov_34.165371	295.48447826087	26	55.708211499419	234951
NODE_520_length_220_cov_2.451613	1.364	NA	44.5454545454545	220
NODE_521_length_220_cov_2.354839	0.655	NA	59.5454545454545	220
NODE_522_length_220_cov_1.849462	0	NA	49.0909090909091	220
NODE_523_length_220_cov_1.774194	18.123	NA	63.6363636363636	220
NODE_524_length_219_cov_2.695652	4.584	NA	37.8995433789954	219
NODE_525_length_219_cov_2.434783	11.16	NA	28.7671232876712	219
NODE_526_length_218_cov_3.747253	7.064	NA	46.7889908256881	218
NODE_527_length_218_cov_2.989011	5.408	NA	47.7064220183486	218
NODE_528_length_218_cov_2.428571	8.835	NA	40.8256880733945	218
NODE_529_length_218_cov_1.637363	86.394	NA	63.7614678899083	218
NODE_52_length_233951_cov_37.027572	316.120826086957	26	50.8170514338473	233951
NODE_530_length_217_cov_2.033333	3.06	NA	42.3963133640553	217
NODE_531_length_217_cov_1.811111	16.276	NA	35.4838709677419	217
NODE_532_length_217_cov_0.622222	46.171	NA	48.3870967741936	217
NODE_533_length_216_cov_3.202247	3.412	NA	57.8703703703704	216
NODE_534_length_216_cov_1.988764	135.606	NA	33.7962962962963	216
NODE_535_length_216_cov_1.842697	9.931	NA	47.6851851851852	216
NODE_536_length_215_cov_3.352273	2.67	NA	57.6744186046512	215
NODE_537_length_215_cov_3.340909	2.874	NA	34.8837209302326	215
NODE_538_length_215_cov_2.613636	2.707	NA	51.1627906976744	215
NODE_539_length_214_cov_5.103448	41.78	NA	40.6542056074766	214
NODE_53_length_226414_cov_35.446345	306.517772727273	26	53.7298930278163	226414
NODE_540_length_214_cov_3.609195	3.701	NA	49.0654205607477	214
NODE_541_length_214_cov_3.574713	3.393	NA	39.2523364485981	214
NODE_542_length_214_cov_3.436782	26.182	NA	38.785046728972	214
NODE_543_length_214_cov_2.528736	123.57	NA	21.0280373831776	214
NODE_544_length_214_cov_2.459770	17.14	NA	39.2523364485981	214
NODE_545_length_214_cov_2.183908	2.056	NA	37.8504672897196	214
NODE_546_length_213_cov_2.255814	0.742	NA	50.7042253521127	213
NODE_547_length_213_cov_2.081395	5.62	NA	41.7840375586854	213
NODE_548_length_213_cov_2.000000	0.61	NA	42.2535211267606	213
NODE_549_length_213_cov_1.941860	4.469	NA	36.6197183098592	213
NODE_54_length_222937_cov_35.013316	300.308136363636	26	54.1565554394291	222937
NODE_550_length_211_cov_3.392857	4.095	NA	41.7061611374408	211
NODE_551_length_211_cov_1.988095	3.711	NA	64.9289099526066	211
NODE_552_length_210_cov_3.891566	3.61	NA	60.4761904761905	210
NODE_553_length_210_cov_2.795181	39.148	NA	49.0476190476191	210
NODE_554_length_210_cov_2.710843	9.857	NA	34.2857142857143	210
NODE_555_length_210_cov_2.024096	2.976	NA	43.3333333333333	210
NODE_556_length_210_cov_1.638554	28.071	NA	67.1428571428571	210
NODE_557_length_210_cov_1.614458	26.243	NA	73.8095238095238	210
NODE_558_length_210_cov_1.168675	3.733	NA	52.8571428571429	210
NODE_559_length_210_cov_1.120482	20.538	NA	40.9523809523809	210
NODE_55_length_222686_cov_35.327396	304.788681818182	26	53.9189711072991	222686
NODE_560_length_209_cov_2.975610	5.617	NA	23.9234449760766	209
NODE_561_length_209_cov_2.890244	28.455	NA	71.2918660287081	209
NODE_562_length_209_cov_2.268293	2.703	NA	49.2822966507177	209
NODE_563_length_209_cov_1.646341	50.45	NA	66.0287081339713	209
NODE_564_length_208_cov_3.765432	32.697	NA	49.0384615384615	208
NODE_565_length_208_cov_2.074074	4.543	NA	47.1153846153846	208
NODE_566_length_207_cov_4.450000	7.28	NA	55.5555555555556	207
NODE_567_length_207_cov_3.725000	8.647	NA	42.0289855072464	207
NODE_568_length_207_cov_3.275000	0.72	NA	56.0386473429952	207
NODE_569_length_207_cov_3.237500	2.966	NA	54.1062801932367	207
NODE_56_length_220016_cov_35.067925	303.474545454545	26	54.1851501708967	220016
NODE_570_length_207_cov_2.912500	4.15	NA	48.792270531401	207
NODE_571_length_207_cov_2.850000	9.14	NA	34.7826086956522	207
NODE_572_length_207_cov_2.762500	3.58	NA	42.0289855072464	207
NODE_573_length_207_cov_2.075000	0.947	NA	48.792270531401	207
NODE_574_length_207_cov_1.837500	13.86	NA	40.5797101449275	207
NODE_575_length_206_cov_14.481013	7.087	NA	43.6893203883495	206
NODE_576_length_206_cov_3.303797	27.024	NA	32.5242718446602	206
NODE_577_length_206_cov_1.860759	3.811	NA	49.0291262135922	206
NODE_578_length_205_cov_2.743590	6.595	NA	52.6829268292683	205
NODE_579_length_205_cov_2.064103	6.478	NA	41.4634146341463	205
NODE_57_length_219090_cov_36.257107	311.410095238095	26	52.5939111780547	219090
NODE_580_length_205_cov_1.910256	4.829	NA	44.8780487804878	205
NODE_581_length_204_cov_6.259740	8.088	NA	44.1176470588235	204
NODE_582_length_204_cov_3.493506	6.441	NA	32.3529411764706	204
NODE_583_length_204_cov_2.753247	4.701	NA	30.8823529411765	204
NODE_584_length_204_cov_2.480519	2.167	NA	57.3529411764706	204
NODE_585_length_204_cov_2.389610	3.402	NA	47.5490196078431	204
NODE_586_length_204_cov_1.714286	15.387	NA	64.2156862745098	204
NODE_587_length_203_cov_3.065789	4.369	NA	61.0837438423645	203
NODE_588_length_203_cov_2.131579	20.232	NA	36.4532019704434	203
NODE_589_length_203_cov_2.078947	0.744	NA	50.7389162561576	203
NODE_58_length_216982_cov_35.770464	310.014238095238	26	53.356038749758	216982
NODE_590_length_203_cov_1.447368	2.463	NA	46.3054187192118	203
NODE_591_length_203_cov_1.184211	14.911	NA	73.3990147783251	203
NODE_592_length_202_cov_5.733333	92.624	NA	49.5049504950495	202
NODE_593_length_202_cov_3.520000	3.698	NA	62.3762376237624	202
NODE_594_length_202_cov_3.146667	1.817	NA	35.1485148514851	202
NODE_595_length_202_cov_2.306667	3.223	NA	58.4158415841584	202
NODE_596_length_201_cov_3.027027	15.851	NA	35.8208955223881	201
NODE_597_length_201_cov_2.486486	1.413	NA	30.8457711442786	201
NODE_598_length_201_cov_2.459459	5.627	NA	46.7661691542289	201
NODE_599_length_201_cov_2.445946	3.537	NA	40.7960199004975	201
NODE_59_length_212069_cov_35.127153	302.604571428571	26	53.8452107568763	212069
NODE_5_length_589433_cov_35.588194	306.22025862069	26	53.0825386430689	589433
NODE_600_length_201_cov_2.256757	7.144	NA	34.3283582089552	201
NODE_601_length_201_cov_2.229730	1.458	NA	49.2537313432836	201
NODE_602_length_201_cov_2.040541	2.199	NA	34.3283582089552	201
NODE_603_length_201_cov_1.945946	3.234	NA	38.3084577114428	201
NODE_604_length_201_cov_1.770270	4.567	NA	45.273631840796	201
NODE_605_length_200_cov_2.342466	3.785	NA	45	200
NODE_606_length_200_cov_2.082192	5.22	NA	62.5	200
NODE_607_length_200_cov_1.849315	4.305	NA	37	200
NODE_608_length_199_cov_4.750000	3.457	NA	53.2663316582915	199
NODE_609_length_199_cov_3.638889	5.613	NA	61.3065326633166	199
NODE_60_length_210174_cov_34.411322	297.921666666667	26	54.9030803048902	210174
NODE_610_length_199_cov_3.486111	5.357	NA	55.2763819095477	199
NODE_611_length_199_cov_3.152778	5.583	NA	52.2613065326633	199
NODE_612_length_199_cov_1.875000	5.457	NA	41.7085427135678	199
NODE_613_length_199_cov_1.666667	1.457	NA	35.678391959799	199
NODE_614_length_198_cov_26.084507	218.288	NA	65.1515151515152	198
NODE_615_length_198_cov_4.774648	22.763	NA	41.9191919191919	198
NODE_616_length_198_cov_3.154930	2.162	NA	60.6060606060606	198
NODE_617_length_198_cov_2.619718	5.253	NA	38.3838383838384	198
NODE_618_length_198_cov_2.281690	1.505	NA	25.2525252525253	198
NODE_619_length_198_cov_2.197183	0.758	NA	42.4242424242424	198
NODE_61_length_203983_cov_36.076323	309.116	26	52.6587999980391	203983
NODE_620_length_198_cov_1.887324	2.939	NA	51.5151515151515	198
NODE_621_length_198_cov_1.788732	2.783	NA	33.3333333333333	198
NODE_622_length_197_cov_136.414286	217.619	NA	49.238578680203	197
NODE_623_length_197_cov_3.885714	0.655	NA	36.0406091370558	197
NODE_624_length_197_cov_2.957143	157.832	NA	24.8730964467005	197
NODE_625_length_197_cov_2.671429	34.797	NA	72.5888324873096	197
NODE_626_length_197_cov_2.285714	3	NA	36.0406091370558	197
NODE_627_length_196_cov_3.913043	11.306	NA	29.0816326530612	196
NODE_628_length_196_cov_3.884058	21.49	NA	50.5102040816327	196
NODE_629_length_196_cov_3.797101	2.495	NA	49.4897959183673	196
NODE_62_length_201159_cov_36.422545	311.40755	26	51.5472834921629	201159
NODE_630_length_196_cov_2.724638	4.439	NA	43.8775510204082	196
NODE_631_length_196_cov_2.492754	16.301	NA	38.265306122449	196
NODE_632_length_196_cov_2.391304	9.75	NA	60.7142857142857	196
NODE_633_length_196_cov_2.362319	2.546	NA	55.1020408163265	196
NODE_634_length_196_cov_2.275362	0.724	NA	37.2448979591837	196
NODE_635_length_196_cov_2.217391	3.311	NA	33.6734693877551	196
NODE_636_length_196_cov_2.159420	3.643	NA	39.2857142857143	196
NODE_637_length_196_cov_2.130435	4.546	NA	38.265306122449	196
NODE_638_length_195_cov_6.882353	32.462	NA	48.7179487179487	195
NODE_639_length_195_cov_3.455882	54.713	NA	22.0512820512821	195
NODE_63_length_199878_cov_35.742840	309.344789473684	26	52.9628073124606	199878
NODE_640_length_195_cov_3.073529	2.169	NA	41.025641025641	195
NODE_641_length_195_cov_2.544118	4.251	NA	53.3333333333333	195
NODE_642_length_195_cov_2.544118	0	NA	47.1794871794872	195
NODE_643_length_194_cov_3.611940	4.557	NA	44.8453608247423	194
NODE_644_length_194_cov_3.567164	0.711	NA	22.1649484536082	194
NODE_645_length_194_cov_3.313433	2.567	NA	46.9072164948454	194
NODE_646_length_194_cov_2.805970	2.031	NA	24.7422680412371	194
NODE_647_length_194_cov_2.731343	24.505	NA	68.5567010309278	194
NODE_648_length_194_cov_2.059701	0	NA	21.6494845360825	194
NODE_649_length_194_cov_1.507463	0	NA	56.1855670103093	194
NODE_64_length_195632_cov_36.421048	312.881578947368	26	51.6750838308661	195632
NODE_650_length_193_cov_3.121212	1.534	NA	45.0777202072539	193
NODE_651_length_193_cov_2.954545	3.813	NA	60.6217616580311	193
NODE_652_length_193_cov_2.712121	11.197	NA	39.8963730569948	193
NODE_653_length_193_cov_2.560606	14.565	NA	62.6943005181347	193
NODE_654_length_193_cov_2.348485	3.404	NA	36.2694300518135	193
NODE_655_length_193_cov_2.318182	4.668	NA	48.1865284974093	193
NODE_656_length_193_cov_2.196970	0.425	NA	47.6683937823834	193
NODE_657_length_193_cov_2.030303	0.777	NA	54.4041450777202	193
NODE_658_length_193_cov_1.984848	20.746	NA	58.5492227979275	193
NODE_659_length_193_cov_1.878788	5.057	NA	34.1968911917098	193
NODE_65_length_194974_cov_35.782398	309.930315789474	26	53.2188907238914	194974
NODE_660_length_193_cov_1.424242	3.995	NA	33.160621761658	193
NODE_661_length_192_cov_6.107692	3.286	NA	28.6458333333333	192
NODE_662_length_192_cov_3.384615	4.406	NA	65.625	192
NODE_663_length_192_cov_3.092308	0.786	NA	65.625	192
NODE_664_length_192_cov_2.969231	1.443	NA	62.5	192
NODE_665_length_192_cov_2.938462	3.411	NA	32.8125	192
NODE_666_length_192_cov_2.461538	0	NA	68.2291666666667	192
NODE_667_length_192_cov_1.892308	10.927	NA	44.7916666666667	192
NODE_668_length_191_cov_3.078125	3.199	NA	57.0680628272251	191
NODE_669_length_191_cov_2.578125	1.455	NA	40.3141361256544	191
NODE_66_length_190843_cov_35.841660	306.471315789474	26	53.3076927107622	190843
NODE_670_length_191_cov_2.546875	2.293	NA	57.5916230366492	191
NODE_671_length_191_cov_2.390625	1.293	NA	48.6910994764398	191
NODE_672_length_191_cov_2.312500	5.178	NA	33.5078534031414	191
NODE_673_length_191_cov_2.062500	14	NA	29.3193717277487	191
NODE_674_length_191_cov_2.031250	4.335	NA	32.9842931937173	191
NODE_675_length_191_cov_1.875000	3.346	NA	65.9685863874346	191
NODE_676_length_191_cov_1.812500	3.021	NA	33.5078534031414	191
NODE_677_length_191_cov_1.593750	0	NA	49.738219895288	191
NODE_678_length_191_cov_1.453125	0.775	NA	69.1099476439791	191
NODE_679_length_191_cov_1.250000	18.183	NA	68.586387434555	191
NODE_67_length_188983_cov_36.337734	314.7525	26	52.2126328823228	188983
NODE_680_length_190_cov_3.444444	11.7	NA	24.7368421052632	190
NODE_681_length_190_cov_3.333333	0.789	NA	63.6842105263158	190
NODE_682_length_190_cov_3.222222	5.453	NA	31.0526315789474	190
NODE_683_length_190_cov_2.841270	0	NA	35.2631578947368	190
NODE_684_length_190_cov_2.825397	12.995	NA	70.5263157894737	190
NODE_685_length_190_cov_2.682540	1.968	NA	38.9473684210526	190
NODE_686_length_190_cov_2.634921	1.274	NA	32.1052631578947	190
NODE_687_length_190_cov_2.539683	1.268	NA	49.4736842105263	190
NODE_688_length_190_cov_2.492063	2.984	NA	63.6842105263158	190
NODE_689_length_190_cov_1.920635	2.611	NA	48.9473684210526	190
NODE_68_length_186219_cov_36.130532	308.337722222222	26	52.9049130325047	186219
NODE_690_length_190_cov_1.809524	2.947	NA	49.4736842105263	190
NODE_691_length_190_cov_1.777778	1.316	NA	47.3684210526316	190
NODE_692_length_190_cov_1.539683	1.847	NA	40.5263157894737	190
NODE_693_length_189_cov_3.403226	0.614	NA	57.1428571428571	189
NODE_694_length_189_cov_3.048387	0.741	NA	27.5132275132275	189
NODE_695_length_189_cov_2.612903	21.937	NA	67.7248677248677	189
NODE_696_length_189_cov_2.580645	2.942	NA	29.6296296296296	189
NODE_697_length_189_cov_2.225806	1.677	NA	40.2116402116402	189
NODE_698_length_189_cov_1.854839	10.005	NA	68.2539682539683	189
NODE_699_length_189_cov_1.580645	0.513	NA	45.5026455026455	189
NODE_69_length_184775_cov_36.044945	311.065444444444	26	52.4053578676769	184775
NODE_6_length_586531_cov_35.716242	308.104396551724	26	53.3743314505116	586531
NODE_700_length_188_cov_72.409836	89.66	NA	59.0425531914894	188
NODE_701_length_188_cov_3.803279	0.872	NA	59.5744680851064	188
NODE_702_length_188_cov_3.426230	0	NA	39.8936170212766	188
NODE_703_length_188_cov_3.098361	1.378	NA	46.8085106382979	188
NODE_704_length_188_cov_3.081967	2.202	NA	52.1276595744681	188
NODE_705_length_188_cov_3.081967	13.383	NA	39.3617021276596	188
NODE_706_length_188_cov_2.786885	3.463	NA	24.468085106383	188
NODE_707_length_188_cov_2.688525	2.128	NA	36.1702127659574	188
NODE_708_length_188_cov_2.327869	3.995	NA	35.1063829787234	188
NODE_709_length_188_cov_2.278689	1.766	NA	38.2978723404255	188
NODE_70_length_184305_cov_36.053535	310.647666666667	26	52.6366620547462	184305
NODE_710_length_188_cov_2.131148	0.436	NA	39.8936170212766	188
NODE_711_length_188_cov_1.934426	1.41	NA	19.1489361702128	188
NODE_712_length_188_cov_1.852459	3.356	NA	40.9574468085106	188
NODE_713_length_188_cov_1.836066	6.814	NA	42.5531914893617	188
NODE_714_length_188_cov_1.786885	2.824	NA	27.1276595744681	188
NODE_715_length_188_cov_1.590164	11.037	NA	34.0425531914894	188
NODE_716_length_187_cov_3.666667	23.048	NA	65.2406417112299	187
NODE_717_length_187_cov_3.550000	2.406	NA	56.1497326203209	187
NODE_718_length_187_cov_3.350000	26.364	NA	65.2406417112299	187
NODE_719_length_187_cov_2.866667	1.572	NA	55.6149732620321	187
NODE_71_length_184068_cov_35.924574	309.574888888889	26	52.6397852967382	184068
NODE_720_length_187_cov_2.650000	20.503	NA	35.8288770053476	187
NODE_721_length_187_cov_2.316667	0	NA	47.5935828877005	187
NODE_722_length_187_cov_2.100000	0	NA	56.1497326203209	187
NODE_723_length_187_cov_1.950000	0.888	NA	39.572192513369	187
NODE_724_length_187_cov_1.583333	1.417	NA	55.6149732620321	187
NODE_725_length_187_cov_1.316667	7.027	NA	36.8983957219251	187
NODE_726_length_187_cov_1.216667	1.583	NA	37.4331550802139	187
NODE_727_length_187_cov_1.200000	40.332	NA	64.7058823529412	187
NODE_728_length_186_cov_22.864407	496.167	NA	59.1397849462366	186
NODE_729_length_186_cov_4.864407	0.79	NA	59.1397849462366	186
NODE_72_length_182580_cov_35.142574	305.020444444444	26	53.4045349983569	182580
NODE_730_length_186_cov_4.457627	1.129	NA	41.9354838709677	186
NODE_731_length_186_cov_4.440678	2.952	NA	59.6774193548387	186
NODE_732_length_186_cov_3.457627	5.317	NA	54.8387096774194	186
NODE_733_length_186_cov_3.322034	1.118	NA	46.2365591397849	186
NODE_734_length_186_cov_2.762712	0.796	NA	39.7849462365591	186
NODE_735_length_186_cov_2.711864	57.382	NA	44.6236559139785	186
NODE_736_length_186_cov_2.576271	30.366	NA	58.0645161290323	186
NODE_737_length_186_cov_2.525424	0	NA	53.7634408602151	186
NODE_738_length_186_cov_2.186441	0.812	NA	30.1075268817204	186
NODE_739_length_186_cov_1.932203	0	NA	49.4623655913978	186
NODE_73_length_178885_cov_35.510657	306.636941176471	26	53.7552058585125	178885
NODE_740_length_186_cov_1.915254	4.183	NA	52.1505376344086	186
NODE_741_length_185_cov_6.413793	39.173	NA	50.2702702702703	185
NODE_742_length_185_cov_3.241379	2.4	NA	29.7297297297297	185
NODE_743_length_185_cov_2.724138	0.627	NA	28.6486486486486	185
NODE_744_length_185_cov_2.465517	5.135	NA	50.8108108108108	185
NODE_745_length_185_cov_2.189655	1.605	NA	21.0810810810811	185
NODE_746_length_185_cov_1.931034	19.67	NA	44.3243243243243	185
NODE_747_length_185_cov_1.637931	3.897	NA	37.8378378378378	185
NODE_748_length_185_cov_1.620690	15.173	NA	41.6216216216216	185
NODE_749_length_184_cov_4.333333	23.908	NA	49.4565217391304	184
NODE_74_length_176419_cov_35.900670	307.428823529412	26	52.4070536620205	176419
NODE_750_length_184_cov_3.596491	2.522	NA	66.304347826087	184
NODE_751_length_184_cov_2.807018	3.217	NA	45.1086956521739	184
NODE_752_length_184_cov_2.754386	15.103	NA	39.6739130434783	184
NODE_753_length_184_cov_2.754386	2.549	NA	38.5869565217391	184
NODE_754_length_184_cov_2.578947	7.245	NA	44.0217391304348	184
NODE_755_length_184_cov_2.491228	7.984	NA	24.4565217391304	184
NODE_756_length_184_cov_2.280702	21.435	NA	33.1521739130435	184
NODE_757_length_184_cov_2.245614	3.527	NA	41.8478260869565	184
NODE_758_length_184_cov_1.614035	13.821	NA	39.1304347826087	184
NODE_759_length_183_cov_3.196429	2.388	NA	55.1912568306011	183
NODE_75_length_173733_cov_35.215436	305.630470588235	26	53.6737407401012	173733
NODE_760_length_183_cov_2.714286	2.257	NA	50.8196721311475	183
NODE_761_length_183_cov_2.642857	2.885	NA	44.2622950819672	183
NODE_762_length_183_cov_1.642857	1.311	NA	44.8087431693989	183
NODE_763_length_182_cov_3.236364	4.247	NA	30.7692307692308	182
NODE_764_length_182_cov_2.454545	2.396	NA	59.3406593406593	182
NODE_765_length_182_cov_2.327273	0.808	NA	33.5164835164835	182
NODE_766_length_182_cov_2.181818	33.412	NA	64.2857142857143	182
NODE_767_length_182_cov_2.127273	1.67	NA	51.0989010989011	182
NODE_768_length_182_cov_2.054545	1.055	NA	54.9450549450549	182
NODE_769_length_182_cov_1.818182	1.286	NA	42.8571428571429	182
NODE_76_length_171600_cov_35.875479	308.599176470588	26	52.7441724941725	171600
NODE_770_length_182_cov_1.727273	11.11	NA	64.2857142857143	182
NODE_771_length_182_cov_1.509091	2.929	NA	21.978021978022	182
NODE_772_length_182_cov_1.218182	6.599	NA	34.6153846153846	182
NODE_773_length_181_cov_3.944444	0.773	NA	41.4364640883978	181
NODE_774_length_181_cov_2.851852	1.387	NA	67.4033149171271	181
NODE_775_length_181_cov_2.629630	3.481	NA	45.3038674033149	181
NODE_776_length_181_cov_2.500000	14.193	NA	57.4585635359116	181
NODE_777_length_181_cov_2.296296	10.713	NA	66.2983425414365	181
NODE_778_length_181_cov_1.944444	13.967	NA	22.6519337016575	181
NODE_779_length_181_cov_1.944444	2.669	NA	46.9613259668508	181
NODE_77_length_170127_cov_35.565688	306.499	26	53.3918778324428	170127
NODE_780_length_181_cov_1.759259	3.508	NA	25.414364640884	181
NODE_781_length_181_cov_1.518519	2.84	NA	42.5414364640884	181
NODE_782_length_180_cov_9.735849	43.889	NA	49.4444444444444	180
NODE_783_length_180_cov_4.264151	9.528	NA	27.2222222222222	180
NODE_784_length_180_cov_3.962264	4.522	NA	54.4444444444444	180
NODE_785_length_180_cov_3.358491	17.633	NA	28.3333333333333	180
NODE_786_length_180_cov_3.000000	0	NA	34.4444444444444	180
NODE_787_length_180_cov_2.773585	4.072	NA	34.4444444444444	180
NODE_788_length_180_cov_2.622642	3.283	NA	17.7777777777778	180
NODE_789_length_180_cov_2.584906	1.633	NA	41.1111111111111	180
NODE_78_length_169270_cov_35.759919	307.691375	26	52.7671766999468	169270
NODE_790_length_180_cov_2.358491	2.306	NA	48.8888888888889	180
NODE_791_length_180_cov_2.169811	191.839	NA	65	180
NODE_792_length_180_cov_1.924528	19.2	NA	60	180
NODE_793_length_180_cov_1.849057	2.511	NA	47.2222222222222	180
NODE_794_length_180_cov_1.811321	5.889	NA	21.1111111111111	180
NODE_795_length_180_cov_1.679245	1.639	NA	37.2222222222222	180
NODE_796_length_180_cov_1.509434	11.156	NA	65	180
NODE_797_length_179_cov_3.903846	10.687	NA	44.6927374301676	179
NODE_798_length_179_cov_3.615385	2.413	NA	59.7765363128492	179
NODE_799_length_179_cov_3.538462	6.67	NA	27.3743016759777	179
NODE_79_length_169052_cov_35.560112	306.5436875	26	53.3977711000166	169052
NODE_7_length_552710_cov_35.855870	309.637290909091	26	53.0013931356408	552710
NODE_800_length_179_cov_3.423077	3.117	NA	55.8659217877095	179
NODE_801_length_179_cov_3.038462	7.296	NA	35.195530726257	179
NODE_802_length_179_cov_2.980769	29.173	NA	39.6648044692737	179
NODE_803_length_179_cov_2.730769	0	NA	34.0782122905028	179
NODE_804_length_179_cov_2.730769	12.441	NA	25.1396648044693	179
NODE_805_length_179_cov_2.615385	9.302	NA	46.3687150837989	179
NODE_806_length_179_cov_2.557692	2.793	NA	40.2234636871508	179
NODE_807_length_179_cov_2.442308	6.872	NA	48.6033519553073	179
NODE_808_length_179_cov_2.134615	0.844	NA	36.3128491620112	179
NODE_809_length_179_cov_2.076923	1.168	NA	34.6368715083799	179
NODE_80_length_168139_cov_35.327852	305.82825	26	53.3380120019746	168139
NODE_810_length_179_cov_2.057692	7.754	NA	23.463687150838	179
NODE_811_length_179_cov_1.538462	1.408	NA	49.1620111731844	179
NODE_812_length_178_cov_5.117647	7.14	NA	30.8988764044944	178
NODE_813_length_178_cov_4.627451	1.68	NA	58.9887640449438	178
NODE_814_length_178_cov_3.588235	1.18	NA	48.876404494382	178
NODE_815_length_178_cov_3.117647	3.129	NA	47.1910112359551	178
NODE_816_length_178_cov_3.019608	3.382	NA	62.3595505617978	178
NODE_817_length_178_cov_2.980392	7.438	NA	42.6966292134831	178
NODE_818_length_178_cov_2.960784	1.629	NA	37.0786516853933	178
NODE_819_length_178_cov_2.882353	3.169	NA	48.876404494382	178
NODE_81_length_166988_cov_36.479783	310.1051875	26	51.7115002275613	166988
NODE_820_length_178_cov_2.862745	2.888	NA	42.1348314606742	178
NODE_821_length_178_cov_2.843137	0	NA	42.1348314606742	178
NODE_822_length_178_cov_2.450980	2.978	NA	44.9438202247191	178
NODE_823_length_178_cov_2.058824	1.59	NA	57.3033707865169	178
NODE_824_length_178_cov_2.039216	44.669	NA	69.6629213483146	178
NODE_825_length_178_cov_2.019608	1.618	NA	42.6966292134831	178
NODE_826_length_178_cov_1.941176	0.843	NA	34.8314606741573	178
NODE_827_length_178_cov_1.764706	11.006	NA	54.4943820224719	178
NODE_828_length_178_cov_1.607843	25.747	NA	32.5842696629214	178
NODE_829_length_178_cov_1.529412	2.062	NA	41.5730337078652	178
NODE_82_length_166810_cov_35.782095	308.094625	26	53.2791799052815	166810
NODE_830_length_178_cov_1.392157	0.815	NA	54.4943820224719	178
NODE_831_length_177_cov_4.740000	3.22	NA	60.4519774011299	177
NODE_832_length_177_cov_2.980000	5.859	NA	42.9378531073446	177
NODE_833_length_177_cov_2.500000	15.983	NA	38.4180790960452	177
NODE_834_length_177_cov_2.480000	8.576	NA	59.8870056497175	177
NODE_835_length_177_cov_2.460000	4.497	NA	40.6779661016949	177
NODE_836_length_177_cov_1.880000	53.864	NA	49.7175141242938	177
NODE_837_length_177_cov_1.760000	1.311	NA	45.7627118644068	177
NODE_838_length_177_cov_1.740000	139.463	NA	64.406779661017	177
NODE_839_length_177_cov_1.700000	4.226	NA	25.4237288135593	177
NODE_83_length_161980_cov_37.540985	319.722375	26	50.4315347573775	161980
NODE_840_length_177_cov_1.680000	3.311	NA	42.3728813559322	177
NODE_841_length_177_cov_1.640000	5.441	NA	25.9887005649718	177
NODE_842_length_177_cov_1.580000	12.056	NA	32.7683615819209	177
NODE_843_length_177_cov_1.580000	15.712	NA	38.4180790960452	177
NODE_844_length_177_cov_1.560000	0	NA	51.9774011299435	177
NODE_845_length_177_cov_1.380000	1.576	NA	18.6440677966102	177
NODE_846_length_177_cov_1.360000	3.469	NA	37.8531073446328	177
NODE_847_length_176_cov_4.755102	0	NA	66.4772727272727	176
NODE_848_length_176_cov_4.387755	3.267	NA	35.2272727272727	176
NODE_849_length_176_cov_3.959184	1.784	NA	53.9772727272727	176
NODE_84_length_161328_cov_35.708867	306.324875	26	54.1883615987305	161328
NODE_850_length_176_cov_3.938776	1.068	NA	55.6818181818182	176
NODE_851_length_176_cov_3.081633	0.716	NA	52.2727272727273	176
NODE_852_length_176_cov_2.489796	25.415	NA	25.5681818181818	176
NODE_853_length_176_cov_2.489796	2.574	NA	51.1363636363636	176
NODE_854_length_176_cov_2.306122	2.415	NA	30.6818181818182	176
NODE_855_length_176_cov_2.061224	0.352	NA	47.7272727272727	176
NODE_856_length_176_cov_1.938776	2.318	NA	50	176
NODE_857_length_176_cov_1.918367	8.818	NA	49.4318181818182	176
NODE_858_length_176_cov_1.632653	0.455	NA	38.0681818181818	176
NODE_859_length_176_cov_1.469388	5.347	NA	38.6363636363636	176
NODE_85_length_160455_cov_35.683780	307.383	26	53.5109532267614	160455
NODE_860_length_176_cov_1.387755	3.733	NA	48.2954545454545	176
NODE_861_length_176_cov_1.285714	0.727	NA	40.3409090909091	176
NODE_862_length_171_cov_4.136364	5.275	NA	59.0643274853801	171
NODE_863_length_170_cov_5.906977	44.335	NA	49.4117647058824	170
NODE_864_length_169_cov_111.309524	196.047	NA	59.7633136094675	169
NODE_865_length_165_cov_6.157895	1.939	NA	57.5757575757576	165
NODE_866_length_162_cov_5.571429	1.827	NA	48.7654320987654	162
NODE_867_length_159_cov_2.375000	0	NA	36.4779874213836	159
NODE_868_length_156_cov_8.448276	6.109	NA	53.2051282051282	156
NODE_869_length_155_cov_7.821429	4.452	NA	50.9677419354839	155
NODE_86_length_156317_cov_34.869992	299.708933333333	26	54.2013984403488	156317
NODE_870_length_155_cov_5.321429	4.516	NA	58.0645161290323	155
NODE_871_length_155_cov_4.250000	1.903	NA	45.1612903225806	155
NODE_872_length_154_cov_2.814815	6.201	NA	50.6493506493507	154
NODE_873_length_154_cov_2.555556	7.695	NA	49.3506493506493	154
NODE_874_length_153_cov_9.500000	3.582	NA	45.0980392156863	153
NODE_875_length_153_cov_6.346154	1.843	NA	54.9019607843137	153
NODE_876_length_151_cov_7.375000	6.265	NA	43.046357615894	151
NODE_877_length_151_cov_6.916667	11.523	NA	49.6688741721854	151
NODE_878_length_151_cov_6.500000	1.073	NA	50.3311258278146	151
NODE_879_length_151_cov_3.958333	4.132	NA	56.2913907284768	151
NODE_87_length_154216_cov_35.521179	305.996	26	54.3322353063236	154216
NODE_880_length_151_cov_2.583333	1.576	NA	52.9801324503311	151
NODE_881_length_150_cov_10.739130	5.08	NA	59.3333333333333	150
NODE_882_length_150_cov_8.000000	8.147	NA	54	150
NODE_883_length_150_cov_6.304348	0.88	NA	55.3333333333333	150
NODE_884_length_150_cov_5.000000	9.1	NA	45.3333333333333	150
NODE_885_length_149_cov_6.590909	0	NA	65.1006711409396	149
NODE_886_length_149_cov_5.090909	0	NA	49.6644295302013	149
NODE_887_length_149_cov_3.045455	0	NA	66.4429530201342	149
NODE_888_length_148_cov_2.904762	0.946	NA	42.5675675675676	148
NODE_889_length_148_cov_1.190476	1.324	NA	58.7837837837838	148
NODE_88_length_152561_cov_35.758669	308.015866666667	26	53.1577532921258	152561
NODE_890_length_147_cov_8.950000	0	NA	40.8163265306122	147
NODE_891_length_147_cov_2.350000	3.605	NA	49.6598639455782	147
NODE_892_length_146_cov_10.315789	3.658	NA	38.3561643835616	146
NODE_893_length_146_cov_8.315789	2.822	NA	36.986301369863	146
NODE_894_length_146_cov_7.526316	2.986	NA	43.8356164383562	146
NODE_895_length_146_cov_2.631579	1.877	NA	56.1643835616438	146
NODE_896_length_145_cov_10.166667	5.614	NA	59.3103448275862	145
NODE_897_length_145_cov_3.666667	1.966	NA	35.1724137931034	145
NODE_898_length_144_cov_10.117647	1.986	NA	30.5555555555556	144
NODE_899_length_144_cov_3.058824	1.319	NA	35.4166666666667	144
NODE_89_length_150074_cov_35.527153	304.785	26	52.8645868038434	150074
NODE_8_length_550341_cov_35.366014	305.3218	26	53.5755104562444	550341
NODE_900_length_144_cov_1.588235	2.222	NA	46.5277777777778	144
NODE_901_length_142_cov_22.400000	17.634	NA	59.8591549295775	142
NODE_902_length_142_cov_15.733333	7.979	NA	61.9718309859155	142
NODE_903_length_141_cov_11.000000	12.809	NA	48.2269503546099	141
NODE_904_length_141_cov_1.785714	3.574	NA	47.5177304964539	141
NODE_905_length_140_cov_5.384615	0	NA	22.1428571428571	140
NODE_906_length_140_cov_2.384615	0	NA	52.8571428571429	140
NODE_907_length_139_cov_9.000000	0	NA	31.6546762589928	139
NODE_908_length_139_cov_7.833333	5.993	NA	64.0287769784173	139
NODE_909_length_139_cov_6.166667	3.439	NA	43.8848920863309	139
NODE_90_length_149630_cov_34.887868	304.041214285714	26	53.6490008688097	149630
NODE_910_length_139_cov_2.833333	0	NA	45.3237410071942	139
NODE_911_length_138_cov_8.818182	6.884	NA	54.3478260869565	138
NODE_912_length_138_cov_5.727273	6.087	NA	42.7536231884058	138
NODE_913_length_138_cov_4.545455	2.986	NA	55.0724637681159	138
NODE_914_length_138_cov_4.363636	2.188	NA	37.6811594202899	138
NODE_915_length_138_cov_4.181818	0.899	NA	36.9565217391304	138
NODE_916_length_138_cov_2.363636	8.826	NA	54.3478260869565	138
NODE_917_length_138_cov_2.272727	1.203	NA	51.4492753623188	138
NODE_918_length_137_cov_14.900000	6.307	NA	53.2846715328467	137
NODE_919_length_137_cov_12.600000	1.401	NA	24.8175182481752	137
NODE_91_length_148382_cov_35.678318	306.646285714286	26	52.9659931797657	148382
NODE_920_length_137_cov_9.300000	4.599	NA	67.1532846715328	137
NODE_921_length_137_cov_7.300000	0.73	NA	51.0948905109489	137
NODE_922_length_137_cov_5.300000	3.328	NA	22.6277372262774	137
NODE_923_length_137_cov_4.200000	3.737	NA	45.985401459854	137
NODE_924_length_137_cov_2.400000	4.482	NA	41.6058394160584	137
NODE_925_length_136_cov_13.888889	1.544	NA	51.4705882352941	136
NODE_926_length_136_cov_10.111111	3.147	NA	55.1470588235294	136
NODE_927_length_136_cov_7.555556	4.353	NA	49.2647058823529	136
NODE_928_length_136_cov_7.222222	2.765	NA	64.7058823529412	136
NODE_929_length_136_cov_6.888889	7.265	NA	63.9705882352941	136
NODE_92_length_146062_cov_35.546325	304.216928571429	26	53.6785748517753	146062
NODE_930_length_135_cov_18.875000	1.17	NA	49.6296296296296	135
NODE_931_length_135_cov_14.375000	3.511	NA	46.6666666666667	135
NODE_932_length_135_cov_7.250000	0	NA	36.2962962962963	135
NODE_933_length_135_cov_6.750000	1.007	NA	48.8888888888889	135
NODE_934_length_135_cov_6.500000	1.467	NA	19.2592592592593	135
NODE_935_length_135_cov_6.250000	1.23	NA	37.037037037037	135
NODE_936_length_135_cov_5.375000	0	NA	42.962962962963	135
NODE_937_length_134_cov_17.428571	8.851	NA	50	134
NODE_938_length_134_cov_12.142857	2.433	NA	34.3283582089552	134
NODE_939_length_134_cov_10.428571	2.522	NA	50.7462686567164	134
NODE_93_length_146059_cov_35.858866	309.067642857143	26	52.7998959324656	146059
NODE_940_length_134_cov_10.000000	4.552	NA	45.5223880597015	134
NODE_941_length_134_cov_3.571429	3.045	NA	44.7761194029851	134
NODE_942_length_134_cov_2.000000	1.045	NA	41.7910447761194	134
NODE_943_length_133_cov_209.500000	164.323	NA	63.1578947368421	133
NODE_944_length_133_cov_18.666667	3.97	NA	44.3609022556391	133
NODE_945_length_133_cov_9.666667	2.18	NA	57.1428571428571	133
NODE_946_length_133_cov_9.166667	7.233	NA	36.8421052631579	133
NODE_947_length_133_cov_8.833333	0.692	NA	43.609022556391	133
NODE_948_length_133_cov_5.833333	0	NA	52.6315789473684	133
NODE_949_length_132_cov_35.200000	5.121	NA	57.5757575757576	132
NODE_94_length_145751_cov_35.368861	305.377285714286	26	53.8294762986189	145751
NODE_950_length_132_cov_12.800000	0.955	NA	59.0909090909091	132
NODE_951_length_132_cov_12.400000	4.97	NA	32.5757575757576	132
NODE_952_length_132_cov_10.800000	7.091	NA	61.3636363636364	132
NODE_953_length_132_cov_9.600000	3.871	NA	37.8787878787879	132
NODE_954_length_132_cov_9.000000	4.212	NA	40.1515151515151	132
NODE_955_length_132_cov_8.600000	3.439	NA	25.7575757575758	132
NODE_956_length_132_cov_6.200000	5.727	NA	60.6060606060606	132
NODE_957_length_132_cov_5.000000	2.758	NA	28.030303030303	132
NODE_958_length_132_cov_3.800000	3.333	NA	30.3030303030303	132
NODE_959_length_131_cov_17.000000	13.725	NA	39.6946564885496	131
NODE_95_length_144286_cov_35.614558	307.024928571429	26	52.8616775016287	144286
NODE_960_length_131_cov_11.750000	5.588	NA	42.7480916030534	131
NODE_961_length_131_cov_10.500000	2.626	NA	49.618320610687	131
NODE_962_length_131_cov_10.000000	0	NA	24.4274809160305	131
NODE_963_length_131_cov_8.000000	0	NA	46.5648854961832	131
NODE_964_length_131_cov_5.250000	0	NA	46.5648854961832	131
NODE_965_length_131_cov_5.250000	1.985	NA	51.1450381679389	131
NODE_966_length_131_cov_2.250000	0	NA	51.1450381679389	131
NODE_967_length_131_cov_0.250000	0	NA	58.7786259541985	131
NODE_968_length_130_cov_13.333333	3.592	NA	40.7692307692308	130
NODE_969_length_130_cov_11.666667	2.8	NA	55.3846153846154	130
NODE_96_length_143702_cov_36.193460	310.671571428571	26	52.6450571321206	143702
NODE_970_length_130_cov_11.000000	0	NA	50	130
NODE_971_length_130_cov_10.333333	6.508	NA	32.3076923076923	130
NODE_972_length_130_cov_10.000000	0.923	NA	60	130
NODE_973_length_130_cov_9.000000	3.554	NA	65.3846153846154	130
NODE_974_length_130_cov_9.000000	9.354	NA	45.3846153846154	130
NODE_975_length_130_cov_6.666667	2.338	NA	48.4615384615385	130
NODE_976_length_130_cov_6.666667	1.6	NA	37.6923076923077	130
NODE_977_length_130_cov_5.666667	0	NA	43.8461538461538	130
NODE_978_length_130_cov_5.666667	0	NA	63.8461538461538	130
NODE_979_length_130_cov_5.666667	0	NA	45.3846153846154	130
NODE_97_length_141004_cov_35.093095	303.491214285714	26	54.1133584862841	141004
NODE_980_length_130_cov_5.333333	1.615	NA	51.5384615384615	130
NODE_981_length_130_cov_2.000000	1.738	NA	46.9230769230769	130
NODE_982_length_129_cov_21.500000	0.946	NA	42.6356589147287	129
NODE_983_length_129_cov_17.500000	7.38	NA	55.0387596899225	129
NODE_984_length_129_cov_17.000000	5.535	NA	65.1162790697674	129
NODE_985_length_129_cov_15.000000	1.24	NA	58.9147286821705	129
NODE_986_length_129_cov_11.500000	0	NA	24.031007751938	129
NODE_987_length_129_cov_8.000000	2.186	NA	36.4341085271318	129
NODE_988_length_129_cov_8.000000	0	NA	26.3565891472868	129
NODE_989_length_129_cov_7.500000	1.457	NA	37.984496124031	129
NODE_98_length_139210_cov_35.936577	310.856769230769	26	53.7202787156095	139210
NODE_990_length_129_cov_7.000000	2.512	NA	58.1395348837209	129
NODE_991_length_129_cov_7.000000	0.977	NA	44.9612403100775	129
NODE_992_length_129_cov_6.000000	0	NA	45.7364341085271	129
NODE_993_length_129_cov_5.000000	0	NA	39.5348837209302	129
NODE_994_length_129_cov_4.500000	7.845	NA	38.7596899224806	129
NODE_995_length_129_cov_1.000000	0	NA	51.937984496124	129
NODE_996_length_128_cov_105.000000	13.688	NA	40.625	128
NODE_997_length_128_cov_80.000000	11.312	NA	41.40625	128
NODE_998_length_128_cov_58.000000	7.641	NA	60.15625	128
NODE_999_length_128_cov_20.000000	10.391	NA	49.21875	128
NODE_99_length_138737_cov_35.831989	309.409307692308	26	52.3393182784693	138737
NODE_9_length_550135_cov_35.336002	303.721127272727	26	53.5757586774155	550135
